1 0.090625 0.8765625 0.171875 0.246875
1 0.0890625 0.62734375 0.165625 0.2390625
1 0.08828125 0.38125 0.1640625 0.2515625
1 0.08828125 0.12734375 0.1609375 0.2390625
1 0.25859375 0.134375 0.15625 0.246875
1 0.25625 0.384375 0.165625 0.2484375
1 0.25546875 0.62421875 0.1671875 0.2484375
1 0.2625 0.875 0.1671875 0.25
1 0.42265625 0.628125 0.159375 0.25
1 0.42265625 0.378125 0.15625 0.2484375
1 0.42109375 0.13203125 0.159375 0.240625
1 0.58125 0.13203125 0.1640625 0.259375
1 0.5796875 0.38359375 0.1578125 0.259375
1 0.5828125 0.63046875 0.1640625 0.246875
1 0.5828125 0.878125 0.1625 0.240625
1 0.7484375 0.63359375 0.16875 0.25625
1 0.74609375 0.38359375 0.165625 0.25
1 0.7421875 0.1359375 0.1703125 0.253125
1 0.91484375 0.13984375 0.1703125 0.2703125
1 0.9171875 0.38828125 0.165625 0.2671875
1 0.91875 0.63125 0.1625 0.2546875