1 0.8796875 0.109375 0.190625 0.21875
1 0.90234375 0.3375 0.184375 0.2515625
1 0.91484375 0.5828125 0.1703125 0.2625
1 0.9265625 0.8359375 0.146875 0.25
1 0.7734375 0.84453125 0.175 0.2578125
1 0.75546875 0.5953125 0.184375 0.2609375
1 0.73671875 0.35625 0.1859375 0.2609375
1 0.70859375 0.11875 0.1859375 0.2375
1 0.5703125 0.36796875 0.178125 0.2609375
1 0.58984375 0.6171875 0.175 0.259375
1 0.61171875 0.86171875 0.178125 0.2515625
1 0.4515625 0.8703125 0.184375 0.259375
1 0.43359375 0.62578125 0.178125 0.2703125
1 0.41015625 0.3796875 0.1828125 0.2578125
1 0.390625 0.1328125 0.18125 0.2515625
1 0.2453125 0.39296875 0.1890625 0.26875
1 0.26796875 0.6421875 0.184375 0.2625
1 0.290625 0.87734375 0.190625 0.2453125
1 0.11875 0.87890625 0.19375 0.2421875
1 0.0953125 0.653125 0.1890625 0.2796875
1 0.08359375 0.41015625 0.1671875 0.2671875