1 0.89609375 0.11796875 0.1796875 0.2359375
1 0.90625 0.35859375 0.1734375 0.2453125
1 0.9140625 0.60390625 0.171875 0.2578125
1 0.91953125 0.85703125 0.1609375 0.2453125
1 0.75390625 0.85703125 0.1640625 0.2515625
1 0.74765625 0.60703125 0.1734375 0.2546875
1 0.73984375 0.3671875 0.175 0.2546875
1 0.72421875 0.12265625 0.1765625 0.2453125
1 0.57265625 0.36953125 0.16875 0.2546875
1 0.58125 0.61875 0.1640625 0.253125
1 0.59140625 0.86484375 0.1671875 0.2453125
1 0.43203125 0.86875 0.1734375 0.2625
1 0.42421875 0.61875 0.1671875 0.2640625
1 0.4125 0.37265625 0.171875 0.253125
1 0.40390625 0.125 0.1703125 0.246875
1 0.246875 0.375 0.178125 0.2625
1 0.2578125 0.625 0.175 0.25625
1 0.26953125 0.87109375 0.1796875 0.2578125
1 0.09765625 0.86796875 0.1796875 0.2640625
1 0.08671875 0.62578125 0.1734375 0.2734375
1 0.08125 0.38359375 0.1625 0.2609375