1 0.08046875 0.1375 0.1609375 0.253125
1 0.08359375 0.3875 0.1671875 0.24375
1 0.090625 0.63359375 0.171875 0.25625
1 0.10078125 0.8828125 0.1671875 0.234375
1 0.2703125 0.875 0.1625 0.25
1 0.2578125 0.62578125 0.171875 0.253125
1 0.24765625 0.3859375 0.1734375 0.253125
1 0.24453125 0.13515625 0.1734375 0.2546875
1 0.4140625 0.37734375 0.165625 0.253125
1 0.425 0.6265625 0.1625 0.2515625
1 0.43359375 0.87265625 0.165625 0.24375
1 0.59375 0.86796875 0.171875 0.2640625
1 0.58125 0.61640625 0.165625 0.2625
1 0.57421875 0.3703125 0.1703125 0.2515625
1 0.5640625 0.12265625 0.16875 0.2453125
1 0.73984375 0.3625 0.1765625 0.2609375
1 0.74765625 0.6125 0.171875 0.2546875
1 0.75390625 0.86015625 0.178125 0.2578125
1 0.91875 0.85 0.1625 0.275
1 0.915625 0.6015625 0.16875 0.271875
1 0.9125 0.359375 0.175 0.259375