1 0.9265625 0.16796875 0.146875 0.2640625
1 0.915625 0.4171875 0.16875 0.253125
1 0.89921875 0.6625 0.1875 0.265625
1 0.87109375 0.89375 0.1828125 0.2125
1 0.70234375 0.88046875 0.1796875 0.2390625
1 0.7328125 0.6421875 0.1890625 0.2625
1 0.76015625 0.40390625 0.190625 0.2625
1 0.78046875 0.15390625 0.190625 0.2640625
1 0.59375 0.38359375 0.1828125 0.2640625
1 0.56640625 0.63203125 0.1796875 0.2609375
1 0.540625 0.87421875 0.18125 0.2515625
1 0.38125 0.8609375 0.1890625 0.2734375
1 0.4109375 0.6109375 0.1828125 0.2734375
1 0.43515625 0.36484375 0.1875 0.2609375
1 0.4625 0.12265625 0.184375 0.2453125
1 0.2703125 0.34609375 0.1921875 0.2703125
1 0.2453125 0.5953125 0.1890625 0.2640625
1 0.22109375 0.84140625 0.19375 0.2671875
1 0.0734375 0.8203125 0.146875 0.284375
1 0.08515625 0.571875 0.1703125 0.28125
1 0.0984375 0.33125 0.190625 0.26875