1 0.14609375 0.10234375 0.2046875 0.2046875
1 0.1109375 0.31640625 0.196875 0.259375
1 0.08671875 0.559375 0.1734375 0.271875
1 0.06796875 0.8109375 0.1359375 0.259375
1 0.21015625 0.828125 0.1890625 0.265625
1 0.2421875 0.58046875 0.1984375 0.26875
1 0.275 0.34296875 0.2 0.26875
1 0.3171875 0.11484375 0.2 0.2296875
1 0.44140625 0.3625 0.1921875 0.2703125
1 0.40625 0.61015625 0.1890625 0.2671875
1 0.3703125 0.853125 0.190625 0.2609375
1 0.52890625 0.86796875 0.1984375 0.2640625
1 0.5625 0.6265625 0.1921875 0.278125
1 0.6 0.38203125 0.196875 0.2671875
1 0.634375 0.13671875 0.19375 0.2609375
1 0.76484375 0.40234375 0.203125 0.2765625
1 0.72734375 0.64921875 0.1984375 0.2703125
1 0.6890625 0.878125 0.203125 0.24375
1 0.8609375 0.884375 0.20625 0.23125
1 0.89765625 0.66875 0.2015625 0.2875
1 0.9171875 0.428125 0.165625 0.275