1 0.0703125 0.8234375 0.140625 0.265625
1 0.084375 0.575 0.16875 0.25625
1 0.10390625 0.33125 0.1921875 0.2671875
1 0.1359375 0.103125 0.1875 0.20625
1 0.30390625 0.11875 0.1828125 0.2375
1 0.2703125 0.35390625 0.1921875 0.265625
1 0.23828125 0.59140625 0.19375 0.265625
1 0.21328125 0.84140625 0.1953125 0.2671875
1 0.40390625 0.61484375 0.1875 0.265625
1 0.4359375 0.3671875 0.184375 0.2640625
1 0.46640625 0.125 0.1859375 0.25
1 0.625 0.14140625 0.1921875 0.275
1 0.59140625 0.390625 0.1859375 0.275
1 0.5625 0.6359375 0.190625 0.2640625
1 0.53046875 0.8765625 0.1890625 0.246875
1 0.72734375 0.6578125 0.196875 0.2734375
1 0.75703125 0.409375 0.19375 0.2671875
1 0.784375 0.16328125 0.1984375 0.2703125
1 0.92734375 0.1875 0.1453125 0.2875
1 0.9140625 0.434375 0.171875 0.284375
1 0.8984375 0.67578125 0.1953125 0.271875