1 0.7625 0.84765625 0.165625 0.3046875
1 0.5109375 0.84765625 0.1625 0.3046875
1 0.28203125 0.84140625 0.153125 0.315625
1 0.83359375 0.53671875 0.1625 0.3
1 0.6765625 0.5390625 0.153125 0.2953125
1 0.515625 0.54375 0.15 0.3015625
1 0.35546875 0.540625 0.153125 0.3109375
1 0.1859375 0.54765625 0.15 0.3078125
1 0.89609375 0.22265625 0.165625 0.309375
1 0.7375 0.2328125 0.1421875 0.2953125
1 0.584375 0.2359375 0.13125 0.296875
1 0.43203125 0.2359375 0.1484375 0.309375
1 0.2765625 0.23671875 0.153125 0.303125
1 0.1125 0.22578125 0.1484375 0.315625