1 0.2375 0.84609375 0.165625 0.303125
1 0.4890625 0.84453125 0.1625 0.303125
1 0.71796875 0.8375 0.153125 0.3140625
1 0.16640625 0.5359375 0.1625 0.2984375
1 0.3234375 0.5375 0.153125 0.29375
1 0.484375 0.540625 0.15 0.3
1 0.64453125 0.53671875 0.153125 0.309375
1 0.8140625 0.54296875 0.15 0.30625
1 0.10390625 0.221875 0.165625 0.3078125
1 0.2625 0.23125 0.1421875 0.29375
1 0.415625 0.23359375 0.13125 0.296875
1 0.56796875 0.2328125 0.1484375 0.3078125
1 0.7234375 0.2328125 0.153125 0.3015625
1 0.8875 0.2203125 0.1484375 0.3140625