1 0.28046875 0.8578125 0.2015625 0.284375
1 0.53046875 0.84140625 0.1984375 0.3171875
1 0.7578125 0.80859375 0.190625 0.3296875
1 0.1734375 0.5765625 0.1984375 0.315625
1 0.3296875 0.55859375 0.1875 0.3109375
1 0.4890625 0.5421875 0.1859375 0.315625
1 0.64765625 0.51875 0.1890625 0.325
1 0.8171875 0.5046875 0.1859375 0.321875
1 0.08671875 0.271875 0.1734375 0.325
1 0.23125 0.2625 0.1765625 0.309375
1 0.38359375 0.24609375 0.1671875 0.3109375
1 0.53515625 0.2265625 0.184375 0.3234375
1 0.6890625 0.2078125 0.1890625 0.31875
1 0.85078125 0.175 0.1859375 0.3296875