1 0.74921875 0.85 0.1765625 0.3
1 0.49921875 0.84453125 0.1734375 0.309375
1 0.2703125 0.8296875 0.1640625 0.31875
1 0.83203125 0.54765625 0.1734375 0.3046875
1 0.675 0.54375 0.1640625 0.2984375
1 0.5140625 0.54140625 0.1609375 0.3046875
1 0.35390625 0.53203125 0.1640625 0.3140625
1 0.184375 0.53203125 0.1609375 0.3109375
1 0.90546875 0.2359375 0.1765625 0.3140625
1 0.746875 0.23984375 0.153125 0.2984375
1 0.59375 0.23671875 0.1421875 0.3015625
1 0.44140625 0.23046875 0.159375 0.3125
1 0.2859375 0.225 0.1640625 0.30625
1 0.12265625 0.20703125 0.159375 0.31875