1 0.2375 0.15390625 0.165625 0.303125
1 0.4890625 0.15546875 0.1625 0.303125
1 0.71796875 0.1625 0.153125 0.3140625
1 0.16640625 0.4640625 0.1625 0.2984375
1 0.3234375 0.4625 0.153125 0.29375
1 0.484375 0.459375 0.15 0.3
1 0.64453125 0.46328125 0.153125 0.309375
1 0.8140625 0.45703125 0.15 0.30625
1 0.10390625 0.778125 0.165625 0.3078125
1 0.2625 0.76875 0.1421875 0.29375
1 0.415625 0.76640625 0.13125 0.296875
1 0.56796875 0.7671875 0.1484375 0.3078125
1 0.7234375 0.7671875 0.153125 0.3015625
1 0.8875 0.7796875 0.1484375 0.3140625