1 0.18125 0.796875 0.215625 0.328125
1 0.428125 0.83828125 0.2125 0.3234375
1 0.6546875 0.85234375 0.20625 0.2953125
1 0.16484375 0.478125 0.2125 0.3234375
1 0.31953125 0.5078125 0.2015625 0.3171875
1 0.47734375 0.540625 0.2 0.3234375
1 0.63515625 0.56484375 0.2046875 0.3328125
1 0.80078125 0.6015625 0.2015625 0.3296875
1 0.15703125 0.16171875 0.2171875 0.3234375
1 0.3125 0.1953125 0.190625 0.315625
1 0.4625 0.225 0.18125 0.315625
1 0.6125 0.2515625 0.2 0.3296875
1 0.765625 0.2796875 0.203125 0.325
1 0.9140625 0.29609375 0.171875 0.3359375