1 0.21953125 0.16796875 0.18125 0.3109375
1 0.47109375 0.15625 0.178125 0.3109375
1 0.7 0.15625 0.16875 0.3125
1 0.16484375 0.48125 0.178125 0.30625
1 0.321875 0.471875 0.16875 0.3015625
1 0.48203125 0.46015625 0.165625 0.3078125
1 0.6421875 0.45546875 0.16875 0.3171875
1 0.81171875 0.440625 0.165625 0.3140625
1 0.11875 0.7984375 0.18125 0.315625
1 0.2765625 0.78046875 0.1578125 0.3015625
1 0.4296875 0.7703125 0.146875 0.303125
1 0.58203125 0.76328125 0.1640625 0.315625
1 0.7375 0.75546875 0.16875 0.309375
1 0.9015625 0.759375 0.1640625 0.321875