1 0.26796875 0.8546875 0.1921875 0.290625
1 0.51796875 0.84296875 0.1890625 0.3140625
1 0.746875 0.8171875 0.1796875 0.3265625
1 0.17109375 0.56484375 0.1875 0.3109375
1 0.32734375 0.553125 0.178125 0.30625
1 0.48828125 0.5421875 0.175 0.3125
1 0.646875 0.52421875 0.1796875 0.321875
1 0.81640625 0.515625 0.1765625 0.31875
1 0.08828125 0.25703125 0.1765625 0.3203125
1 0.23984375 0.253125 0.1671875 0.3046875
1 0.39296875 0.2421875 0.15625 0.3078125
1 0.54453125 0.228125 0.175 0.3203125
1 0.69921875 0.2140625 0.178125 0.3140625
1 0.86171875 0.1875 0.175 0.3265625