1 0.22578125 0.83671875 0.1765625 0.309375
1 0.47734375 0.84375 0.1734375 0.309375
1 0.70546875 0.8421875 0.1640625 0.315625
1 0.165625 0.52421875 0.1734375 0.3046875
1 0.321875 0.53125 0.1640625 0.2984375
1 0.4828125 0.53984375 0.1609375 0.3046875
1 0.64296875 0.54140625 0.1640625 0.3140625
1 0.8125 0.55390625 0.1609375 0.3109375
1 0.1140625 0.20859375 0.1765625 0.3140625
1 0.271875 0.2234375 0.153125 0.2984375
1 0.425 0.23046875 0.1421875 0.3015625
1 0.57734375 0.23515625 0.159375 0.3125
1 0.7328125 0.240625 0.1640625 0.30625
1 0.896875 0.234375 0.159375 0.31875