1 0.275 0.14375 0.196875 0.2875
1 0.525 0.1578125 0.19375 0.315625
1 0.75234375 0.1875 0.184375 0.328125
1 0.171875 0.4296875 0.1921875 0.3140625
1 0.328125 0.44453125 0.1828125 0.3078125
1 0.4890625 0.4578125 0.18125 0.3140625
1 0.64765625 0.47890625 0.184375 0.3234375
1 0.8171875 0.48984375 0.18125 0.3203125
1 0.0875 0.73515625 0.175 0.3234375
1 0.2359375 0.7421875 0.171875 0.30625
1 0.38828125 0.75625 0.1609375 0.309375
1 0.53984375 0.77265625 0.1796875 0.321875
1 0.69453125 0.7890625 0.184375 0.315625
1 0.85625 0.81875 0.1796875 0.328125