0 0.79765625 0.27734375 0.4046875 0.2859375
0 0.49453125 0.8625 0.3390625 0.2515625
0 0.24453125 0.7265625 0.1546875 0.428125
0 0.09296875 0.72421875 0.1640625 0.4390625
0 0.134375 0.31328125 0.178125 0.34375
0 0.31171875 0.325 0.1734375 0.39375
0 0.49921875 0.334375 0.196875 0.315625
0 0.49765625 0.6140625 0.3234375 0.26875
0 0.871875 0.71171875 0.153125 0.5453125
0 0.740625 0.6703125 0.15 0.5046875
2 0.8671875 0.9296875 0.0578125 0.0640625
2 0.728125 0.8734375 0.0765625 0.0796875
2 0.9515625 0.31875 0.0546875 0.084375
2 0.45625 0.4453125 0.05625 0.0765625
2 0.3515625 0.91484375 0.0640625 0.08125
2 0.25703125 0.9234375 0.0734375 0.053125
2 0.12421875 0.909375 0.065625 0.0640625
2 0.07421875 0.44453125 0.059375 0.0890625
2 0.31484375 0.49453125 0.0609375 0.0484375
2 0.3578125 0.68671875 0.0640625 0.0859375