0 0.7875 0.2625 0.39375 0.265625
0 0.51328125 0.8625 0.3265625 0.234375
0 0.25703125 0.73984375 0.1328125 0.421875
0 0.10546875 0.7453125 0.1421875 0.4328125
0 0.125 0.3328125 0.1609375 0.3359375
0 0.303125 0.33515625 0.153125 0.3859375
0 0.490625 0.334375 0.18125 0.30625
0 0.50390625 0.6140625 0.3109375 0.253125
0 0.8828125 0.6921875 0.125 0.5390625
0 0.74921875 0.6578125 0.1234375 0.4984375
2 0.8890625 0.91015625 0.0546875 0.0609375
2 0.74765625 0.8609375 0.071875 0.0765625
2 0.94140625 0.2953125 0.05 0.08125
2 0.453125 0.44765625 0.053125 0.0734375
2 0.3734375 0.921875 0.059375 0.078125
2 0.2796875 0.9359375 0.0703125 0.05
2 0.14609375 0.928125 0.0625 0.0609375
2 0.071875 0.4671875 0.0546875 0.0859375
2 0.31484375 0.50390625 0.059375 0.0453125
2 0.36796875 0.69375 0.059375 0.0828125