0 0.7515625 0.225 0.4265625 0.3171875
0 0.56328125 0.85703125 0.35625 0.278125
0 0.29296875 0.77109375 0.190625 0.4359375
0 0.14296875 0.78671875 0.2015625 0.4265625
0 0.10546875 0.38671875 0.20625 0.3546875
0 0.28203125 0.3640625 0.2046875 0.403125
0 0.46796875 0.3375 0.221875 0.328125
0 0.51953125 0.6125 0.34375 0.29375
0 0.903125 0.63671875 0.19375 0.5515625
0 0.76875 0.621875 0.1921875 0.5109375
2 0.9421875 0.85234375 0.0625 0.0671875
2 0.7953125 0.82265625 0.08125 0.0859375
2 0.90859375 0.2359375 0.0609375 0.0875
2 0.44609375 0.4546875 0.0625 0.0796875
2 0.43359375 0.93515625 0.0703125 0.0859375
2 0.3421875 0.9625 0.0765625 0.059375
2 0.20859375 0.96953125 0.0703125 0.0609375
2 0.07109375 0.52734375 0.065625 0.0921875
2 0.3171875 0.5296875 0.065625 0.053125
2 0.39609375 0.71015625 0.0703125 0.090625