0 0.2125 0.7375 0.39375 0.265625
0 0.48671875 0.1375 0.3265625 0.234375
0 0.74296875 0.26015625 0.1328125 0.421875
0 0.89453125 0.2546875 0.1421875 0.4328125
0 0.875 0.6671875 0.1609375 0.3359375
0 0.696875 0.66484375 0.153125 0.3859375
0 0.509375 0.665625 0.18125 0.30625
0 0.49609375 0.3859375 0.3109375 0.253125
0 0.1171875 0.3078125 0.125 0.5390625
0 0.25078125 0.3421875 0.1234375 0.4984375
2 0.1109375 0.08984375 0.0546875 0.0609375
2 0.25234375 0.1390625 0.071875 0.0765625
2 0.05859375 0.7046875 0.05 0.08125
2 0.546875 0.55234375 0.053125 0.0734375
2 0.6265625 0.078125 0.059375 0.078125
2 0.7203125 0.0640625 0.0703125 0.05
2 0.85390625 0.071875 0.0625 0.0609375
2 0.928125 0.5328125 0.0546875 0.0859375
2 0.68515625 0.49609375 0.059375 0.0453125
2 0.63203125 0.30625 0.059375 0.0828125