0 0.79921875 0.71171875 0.4015625 0.2984375
0 0.48125 0.1375 0.3453125 0.2625
0 0.23671875 0.28203125 0.16875 0.43125
0 0.0875 0.2890625 0.175 0.44375
0 0.140625 0.69921875 0.1890625 0.3484375
0 0.31796875 0.68125 0.1859375 0.3984375
0 0.50546875 0.665625 0.2078125 0.3203125
0 0.49375 0.3859375 0.33125 0.2796875
0 0.86484375 0.275 0.171875 0.5484375
0 0.734375 0.32109375 0.1671875 0.5078125
2 0.8515625 0.0578125 0.059375 0.065625
2 0.715625 0.11875 0.078125 0.0828125
2 0.9578125 0.665625 0.05625 0.0859375
2 0.4578125 0.55625 0.059375 0.078125
2 0.3375 0.090625 0.065625 0.0828125
2 0.2421875 0.08515625 0.075 0.05625
2 0.11015625 0.1046875 0.0671875 0.065625
2 0.0765625 0.5703125 0.0625 0.090625
2 0.31484375 0.5125 0.0625 0.05
2 0.3515625 0.31875 0.065625 0.0875