0 0.80078125 0.29296875 0.3984375 0.3046875
0 0.475 0.86171875 0.35 0.2671875
0 0.23359375 0.71328125 0.1765625 0.4328125
0 0.0875 0.70234375 0.175 0.4453125
0 0.14453125 0.29453125 0.1953125 0.3515625
0 0.32109375 0.315625 0.1921875 0.4
0 0.5078125 0.334375 0.2125 0.3234375
0 0.4921875 0.6140625 0.3359375 0.284375
0 0.8609375 0.728125 0.18125 0.54375
0 0.73125 0.6828125 0.175 0.509375
2 0.84375 0.9484375 0.0609375 0.065625
2 0.70859375 0.88515625 0.0796875 0.084375
2 0.96015625 0.3421875 0.0578125 0.0859375
2 0.45859375 0.44296875 0.0609375 0.078125
2 0.3296875 0.90625 0.0671875 0.084375
2 0.23515625 0.91015625 0.075 0.0578125
2 0.103125 0.8890625 0.06875 0.0671875
2 0.07734375 0.42265625 0.0640625 0.090625
2 0.315625 0.484375 0.0640625 0.0515625
2 0.3484375 0.67890625 0.0671875 0.0890625