0 0.78671875 0.36953125 0.153125 0.3609375
0 0.69375 0.36640625 0.1265625 0.3234375
0 0.6046875 0.38203125 0.1296875 0.315625
0 0.521875 0.36484375 0.1390625 0.303125
0 0.4234375 0.365625 0.121875 0.3234375
0 0.34765625 0.36171875 0.125 0.3046875
0 0.2484375 0.34140625 0.1140625 0.3203125
2 0.796875 0.51328125 0.08125 0.0578125
2 0.69375 0.50703125 0.0671875 0.0546875
2 0.60625 0.49765625 0.0734375 0.0546875
2 0.521875 0.4875 0.065625 0.0484375
2 0.43359375 0.49296875 0.0640625 0.040625
2 0.33828125 0.48359375 0.0734375 0.0625
2 0.2453125 0.47578125 0.065625 0.059375