0 0.8484375 0.4671875 0.16875 0.38125
0 0.65859375 0.43046875 0.1734375 0.340625
0 0.50234375 0.41328125 0.1640625 0.3484375
0 0.11015625 0.290625 0.1796875 0.3609375
0 0.2265625 0.38515625 0.10625 0.2703125
0 0.175 0.3328125 0.1296875 0.30625
2 0.57109375 0.734375 0.065625 0.0625
2 0.20625 0.5796875 0.06875 0.0625
2 0.0953125 0.41015625 0.109375 0.0796875
2 0.7 0.48828125 0.084375 0.0609375
2 0.91015625 0.546875 0.0984375 0.071875
2 0.76640625 0.72421875 0.0671875 0.05625
2 0.82734375 0.62890625 0.134375 0.0875
2 0.465625 0.61328125 0.0703125 0.0484375
2 0.60390625 0.63828125 0.0734375 0.046875