0 0.17890625 0.3609375 0.16875 0.38125
0 0.3703125 0.384375 0.1734375 0.340625
0 0.52421875 0.4171875 0.1640625 0.3484375
0 0.92265625 0.42109375 0.1546875 0.3609375
0 0.79609375 0.47578125 0.10625 0.2703125
0 0.86015625 0.44140625 0.1296875 0.30625
2 0.36015625 0.70078125 0.065625 0.0625
2 0.7546875 0.6671875 0.06875 0.0625
2 0.9125 0.53984375 0.109375 0.0796875
2 0.3140625 0.42734375 0.084375 0.0609375
2 0.0953125 0.41796875 0.0984375 0.071875
2 0.17734375 0.63046875 0.0671875 0.05625
2 0.1484375 0.52109375 0.134375 0.0875
2 0.49765625 0.61796875 0.0703125 0.0484375
2 0.35859375 0.59921875 0.0734375 0.046875