0 0.8640625 0.6359375 0.1546875 0.34375
0 0.7203125 0.6453125 0.1484375 0.3578125
0 0.58671875 0.62890625 0.140625 0.3453125
0 0.4484375 0.62890625 0.134375 0.321875
0 0.3140625 0.6234375 0.13125 0.309375
0 0.2359375 0.5671875 0.128125 0.365625
0 0.78203125 0.421875 0.146875 0.2765625
0 0.6515625 0.4109375 0.1453125 0.26875
0 0.52734375 0.40390625 0.1421875 0.26875
0 0.40234375 0.39296875 0.146875 0.2640625
0 0.2671875 0.38046875 0.15625 0.3015625
0 0.115625 0.378125 0.153125 0.3265625
3 0.84921875 0.671875 0.1453125 0.121875
3 0.7390625 0.6515625 0.153125 0.1390625
3 0.61015625 0.646875 0.1484375 0.121875
3 0.46796875 0.63515625 0.146875 0.1015625
3 0.340625 0.63046875 0.1140625 0.1078125
3 0.21015625 0.603125 0.1328125 0.1265625
3 0.1296875 0.4359375 0.1296875 0.096875
3 0.26640625 0.44140625 0.146875 0.084375
3 0.4109375 0.46484375 0.084375 0.05625
3 0.51640625 0.4671875 0.1203125 0.0796875
3 0.64453125 0.471875 0.15 0.0765625
3 0.778125 0.48203125 0.128125 0.0640625
2 0.1546875 0.24609375 0.071875 0.053125
2 0.28125 0.26875 0.0828125 0.0625
2 0.40859375 0.28046875 0.078125 0.0578125
2 0.5375 0.2859375 0.078125 0.0484375
2 0.66015625 0.30234375 0.084375 0.0578125
2 0.79140625 0.3125 0.08125 0.059375
2 0.86953125 0.478125 0.075 0.0546875
2 0.7421875 0.46640625 0.0765625 0.05625
2 0.61640625 0.45390625 0.075 0.059375
2 0.48984375 0.44375 0.078125 0.05625
2 0.36328125 0.43046875 0.071875 0.05625
2 0.234375 0.40859375 0.075 0.065625