0 0.871875 0.609375 0.1265625 0.309375
0 0.77265625 0.61171875 0.1421875 0.3453125
0 0.65625 0.621875 0.134375 0.3609375
0 0.56328125 0.5921875 0.09375 0.321875
0 0.45625 0.59453125 0.1046875 0.2890625
0 0.3515625 0.60390625 0.13125 0.31875
0 0.63515625 0.36171875 0.1171875 0.2125
0 0.528125 0.35 0.1234375 0.1984375
0 0.43515625 0.36484375 0.09375 0.20625
0 0.32421875 0.38828125 0.128125 0.2484375
0 0.2171875 0.4140625 0.121875 0.3109375
0 0.1125 0.41796875 0.134375 0.3140625
3 0.8640625 0.58828125 0.1171875 0.08125
3 0.7609375 0.58828125 0.1078125 0.0671875
3 0.66640625 0.58828125 0.090625 0.05625
3 0.55703125 0.57734375 0.0875 0.059375
3 0.4640625 0.58359375 0.0671875 0.059375
3 0.6421875 0.3875 0.09375 0.0796875
3 0.53203125 0.39375 0.1 0.0734375
3 0.43125 0.38828125 0.08125 0.0671875
3 0.32734375 0.38828125 0.0890625 0.0703125
3 0.22578125 0.38671875 0.08125 0.0765625
2 0.6484375 0.271875 0.0625 0.0390625
2 0.54140625 0.27578125 0.0734375 0.053125
2 0.4296875 0.27578125 0.053125 0.040625
2 0.33046875 0.2796875 0.0671875 0.0390625
2 0.2359375 0.27734375 0.065625 0.0390625
2 0.13515625 0.27578125 0.078125 0.0375
2 0.8734375 0.47265625 0.0609375 0.034375
2 0.77109375 0.4671875 0.078125 0.0546875
2 0.6703125 0.47109375 0.0765625 0.046875
2 0.56796875 0.4703125 0.084375 0.0390625
2 0.4609375 0.47109375 0.0578125 0.0421875
2 0.3671875 0.4703125 0.06875 0.0453125