0 0.2875 0.38046875 0.0734375 0.4546875
0 0.3703125 0.37421875 0.1234375 0.5109375
0 0.46171875 0.37421875 0.103125 0.4625
0 0.5609375 0.38984375 0.059375 0.4109375
0 0.63515625 0.37265625 0.0984375 0.528125
0 0.72578125 0.39609375 0.1125 0.4609375
3 0.35390625 0.4171875 0.11875 0.1
3 0.453125 0.41875 0.1 0.0828125
3 0.27421875 0.41796875 0.08125 0.071875
3 0.61015625 0.41953125 0.1125 0.0828125
3 0.7296875 0.40546875 0.10625 0.084375
3 0.53984375 0.4203125 0.0625 0.0734375
2 0.35703125 0.60390625 0.071875 0.0625
2 0.44296875 0.5921875 0.0625 0.0546875
2 0.56484375 0.5796875 0.0578125 0.0453125
2 0.61875 0.60390625 0.075 0.046875
2 0.70703125 0.59375 0.0703125 0.053125
2 0.30625 0.57578125 0.0640625 0.053125