0 0.12421875 0.59765625 0.1328125 0.3359375
0 0.265625 0.621875 0.125 0.35
0 0.4 0.61953125 0.1171875 0.3390625
0 0.5375 0.63359375 0.1125 0.315625
0 0.671875 0.6421875 0.109375 0.303125
0 0.75546875 0.59453125 0.103125 0.359375
0 0.22734375 0.39296875 0.128125 0.26875
0 0.35859375 0.39609375 0.128125 0.2609375
0 0.4828125 0.4015625 0.125 0.2609375
0 0.6078125 0.403125 0.1296875 0.25625
0 0.74375 0.40546875 0.1359375 0.2921875
0 0.8953125 0.41875 0.1328125 0.31875
3 0.13515625 0.634375 0.1375 0.1140625
3 0.24609375 0.62578125 0.14375 0.1296875
3 0.375 0.634375 0.140625 0.1140625
3 0.51796875 0.6375 0.140625 0.0921875
3 0.6453125 0.64609375 0.1078125 0.1
3 0.77734375 0.6328125 0.125 0.1171875
3 0.875 0.475 0.125 0.0875
3 0.73828125 0.465625 0.1421875 0.075
3 0.5921875 0.47421875 0.08125 0.0515625
3 0.4875 0.465625 0.115625 0.071875
3 0.359375 0.45703125 0.146875 0.0671875
3 0.225 0.453125 0.125 0.0546875
2 0.8703125 0.28359375 0.0703125 0.0484375
2 0.7421875 0.29296875 0.0796875 0.0578125
2 0.6140625 0.29140625 0.075 0.053125
2 0.48515625 0.28359375 0.075 0.04375
2 0.36171875 0.28671875 0.08125 0.053125
2 0.2296875 0.2828125 0.078125 0.0546875
2 0.134375 0.43984375 0.071875 0.05
2 0.2625 0.44140625 0.0734375 0.0515625
2 0.3890625 0.4421875 0.071875 0.0546875
2 0.515625 0.44453125 0.075 0.0515625
2 0.64296875 0.4453125 0.06875 0.0515625
2 0.7734375 0.43671875 0.071875 0.0609375