0 0.92265625 0.365625 0.128125 0.3578125
0 0.74375 0.35390625 0.1828125 0.371875
0 0.22578125 0.36171875 0.178125 0.3875
0 0.0609375 0.38203125 0.121875 0.3484375
0 0.80234375 0.7359375 0.1546875 0.340625
0 0.65859375 0.73203125 0.1171875 0.3109375
0 0.553125 0.728125 0.125 0.3140625
0 0.4328125 0.72578125 0.1625 0.31875
0 0.30703125 0.71796875 0.1265625 0.325
0 0.18203125 0.7375 0.1578125 0.3640625
3 0.9234375 0.41328125 0.1265625 0.0765625
3 0.78125 0.3921875 0.1140625 0.0796875
3 0.2390625 0.38046875 0.1453125 0.0796875
3 0.0828125 0.40390625 0.1046875 0.0515625
3 0.790625 0.7578125 0.125 0.078125
3 0.67578125 0.7484375 0.1140625 0.0828125
3 0.56171875 0.74765625 0.0984375 0.059375
3 0.44375 0.7515625 0.1015625 0.0546875
3 0.31640625 0.7671875 0.115625 0.065625
3 0.17890625 0.765625 0.125 0.065625
2 0.80234375 0.875 0.0734375 0.046875
2 0.6703125 0.8671875 0.0640625 0.053125
2 0.5484375 0.86171875 0.0703125 0.040625
2 0.44921875 0.86171875 0.0609375 0.046875
2 0.31484375 0.87265625 0.078125 0.0421875
2 0.1859375 0.8765625 0.096875 0.0453125
2 0.928125 0.52734375 0.065625 0.0390625
2 0.7640625 0.521875 0.0921875 0.034375
2 0.23984375 0.5140625 0.084375 0.05
2 0.07421875 0.525 0.0703125 0.0453125