0 0.1546875 0.55703125 0.14375 0.3765625
0 0.34609375 0.58046875 0.1515625 0.334375
0 0.503125 0.58671875 0.140625 0.3421875
0 0.646875 0.553125 0.1265625 0.334375
0 0.90390625 0.68203125 0.15625 0.3546875
0 0.78125 0.5953125 0.0875 0.2671875
0 0.8359375 0.64375 0.109375 0.303125
2 0.4125 0.27109375 0.0625 0.059375
2 0.7875 0.4 0.065625 0.0578125
2 0.91015625 0.5609375 0.1046875 0.0734375
2 0.3015625 0.52578125 0.0828125 0.05625
2 0.0875 0.48203125 0.0953125 0.065625
2 0.21796875 0.2953125 0.0640625 0.0515625
2 0.1640625 0.39453125 0.13125 0.0796875
2 0.5265625 0.384375 0.06875 0.0453125
2 0.38671875 0.36953125 0.071875 0.0421875