0 0.1609375 0.41328125 0.1125 0.36875
0 0.35390625 0.40625 0.1234375 0.325
0 0.5109375 0.4140625 0.1125 0.334375
0 0.65078125 0.46015625 0.0984375 0.3265625
0 0.91796875 0.35390625 0.1265625 0.3453125
0 0.78828125 0.4296875 0.065625 0.2625
0 0.846875 0.3859375 0.084375 0.296875
2 0.39296875 0.7203125 0.0578125 0.0546875
2 0.77734375 0.625 0.0609375 0.053125
2 0.9140625 0.475 0.1 0.065625
2 0.3046875 0.45703125 0.078125 0.05
2 0.0875 0.48203125 0.090625 0.0578125
2 0.2015625 0.6796875 0.0609375 0.046875
2 0.15625 0.57578125 0.125 0.06875
2 0.51640625 0.6171875 0.065625 0.0390625
2 0.37578125 0.6203125 0.06875 0.0359375