0 0.8703125 0.3828125 0.1375 0.3390625
0 0.72734375 0.36640625 0.13125 0.353125
0 0.59375 0.37578125 0.121875 0.340625
0 0.45546875 0.36875 0.11875 0.3171875
0 0.32109375 0.3671875 0.115625 0.3046875
0 0.23984375 0.41953125 0.109375 0.3609375
0 0.77734375 0.59296875 0.1328125 0.271875
0 0.64609375 0.596875 0.1328125 0.2640625
0 0.521875 0.59765625 0.1296875 0.2640625
0 0.396875 0.60234375 0.134375 0.259375
0 0.26171875 0.60703125 0.140625 0.2953125
0 0.109375 0.60234375 0.1375 0.321875
3 0.85703125 0.346875 0.1390625 0.115625
3 0.746875 0.3609375 0.146875 0.13125
3 0.61796875 0.359375 0.1421875 0.115625
3 0.475 0.36328125 0.1421875 0.09375
3 0.34765625 0.36171875 0.109375 0.1015625
3 0.215625 0.38203125 0.128125 0.1203125
3 0.12734375 0.54453125 0.1265625 0.090625
3 0.2640625 0.546875 0.14375 0.0765625
3 0.409375 0.53046875 0.08125 0.053125
3 0.51484375 0.53359375 0.1171875 0.075
3 0.64296875 0.5359375 0.146875 0.06875
3 0.77734375 0.5328125 0.125 0.0578125
2 0.14140625 0.73515625 0.0703125 0.05
2 0.26953125 0.71875 0.0796875 0.059375
2 0.39765625 0.71484375 0.075 0.0546875
2 0.5265625 0.715625 0.0765625 0.0453125
2 0.64921875 0.70546875 0.08125 0.0546875
2 0.78125 0.703125 0.078125 0.05625
2 0.86796875 0.54140625 0.071875 0.0515625
2 0.73984375 0.54609375 0.0734375 0.053125
2 0.61328125 0.55234375 0.071875 0.05625
2 0.48671875 0.55625 0.075 0.053125
2 0.36015625 0.56171875 0.06875 0.0515625
2 0.2296875 0.57734375 0.071875 0.0625