0 0.1609375 0.58671875 0.1125 0.36875
0 0.35390625 0.59375 0.1234375 0.325
0 0.5109375 0.5859375 0.1125 0.334375
0 0.65078125 0.53984375 0.0984375 0.3265625
0 0.91796875 0.64609375 0.1265625 0.3453125
0 0.78828125 0.5703125 0.065625 0.2625
0 0.846875 0.6140625 0.084375 0.296875
2 0.39296875 0.2796875 0.0578125 0.0546875
2 0.77734375 0.375 0.0609375 0.053125
2 0.9140625 0.525 0.1 0.065625
2 0.3046875 0.54296875 0.078125 0.05
2 0.0875 0.51796875 0.090625 0.0578125
2 0.2015625 0.3203125 0.0609375 0.046875
2 0.15625 0.42421875 0.125 0.06875
2 0.51640625 0.3828125 0.065625 0.0390625
2 0.37578125 0.3796875 0.06875 0.0359375