0 0.721875 0.60078125 0.1125 0.459375
0 0.63984375 0.6140625 0.1671875 0.5203125
0 0.54921875 0.621875 0.14375 0.4703125
0 0.44921875 0.61484375 0.0953125 0.4140625
0 0.3765625 0.63828125 0.14375 0.534375
0 0.284375 0.6234375 0.1515625 0.46875
3 0.653125 0.56953125 0.1265625 0.109375
3 0.55390625 0.5765625 0.10625 0.090625
3 0.73203125 0.56171875 0.0875 0.078125
3 0.39765625 0.58984375 0.11875 0.0921875
3 0.2796875 0.6140625 0.1125 0.09375
3 0.4671875 0.5828125 0.06875 0.078125
2 0.63359375 0.384375 0.0765625 0.06875
2 0.5484375 0.403125 0.0671875 0.059375
2 0.428125 0.4265625 0.0609375 0.05
2 0.37265625 0.40703125 0.078125 0.053125
2 0.2859375 0.425 0.075 0.059375
2 0.68671875 0.4078125 0.06875 0.0578125