0 0.2375 0.3453125 0.1453125 0.3078125
0 0.36484375 0.3390625 0.1203125 0.2828125
0 0.2109375 0.56484375 0.171875 0.390625
0 0.36796875 0.571875 0.15625 0.3859375
0 0.4484375 0.584375 0.1171875 0.371875
0 0.55390625 0.59296875 0.1421875 0.3953125
0 0.67734375 0.59765625 0.1296875 0.365625
0 0.79765625 0.61328125 0.1359375 0.3609375
0 0.4765625 0.35703125 0.125 0.271875
0 0.5953125 0.36328125 0.134375 0.3015625
0 0.70625 0.36640625 0.1078125 0.265625
0 0.82734375 0.39921875 0.1484375 0.303125
3 0.23125 0.34375 0.1234375 0.0640625
3 0.35 0.3421875 0.11875 0.078125
3 0.4703125 0.3609375 0.121875 0.0625
3 0.58984375 0.371875 0.115625 0.05625
3 0.6984375 0.378125 0.1109375 0.0640625
3 0.8203125 0.38984375 0.125 0.065625
3 0.80078125 0.57421875 0.1234375 0.0609375
3 0.68203125 0.56328125 0.109375 0.0671875
3 0.56875 0.5515625 0.1078125 0.065625
3 0.45390625 0.54296875 0.10625 0.0671875
3 0.3375 0.53125 0.1015625 0.0609375
3 0.2234375 0.51796875 0.1046875 0.0609375
2 0.24296875 0.21328125 0.08125 0.0484375
2 0.359375 0.22265625 0.0765625 0.0453125
2 0.478125 0.2375 0.08125 0.0453125
2 0.5953125 0.246875 0.0859375 0.05
2 0.70703125 0.25703125 0.08125 0.0484375
2 0.815625 0.27109375 0.0859375 0.0390625
2 0.2234375 0.39375 0.0828125 0.0296875
2 0.34375 0.40234375 0.08125 0.0484375
2 0.4625 0.41171875 0.0953125 0.046875
2 0.58046875 0.42890625 0.0796875 0.0484375
2 0.68984375 0.440625 0.0796875 0.04375
2 0.80625 0.4484375 0.0890625 0.0453125