0 0.2234375 0.35 0.128125 0.353125
0 0.31640625 0.353125 0.1046875 0.3171875
0 0.40390625 0.375 0.1078125 0.309375
0 0.4875 0.36328125 0.11875 0.2953125
0 0.5859375 0.37109375 0.1 0.3171875
0 0.66171875 0.37265625 0.1046875 0.2984375
0 0.76171875 0.359375 0.0921875 0.3140625
2 0.203125 0.4921875 0.078125 0.053125
2 0.30625 0.49375 0.0640625 0.05
2 0.39453125 0.490625 0.0703125 0.05
2 0.47890625 0.4859375 0.0625 0.04375
2 0.56640625 0.49765625 0.0609375 0.0359375
2 0.6625 0.49453125 0.0703125 0.0578125
2 0.75546875 0.49375 0.0625 0.0546875