0 0.071875 0.61171875 0.14375 0.3640625
0 0.24921875 0.6328125 0.2015625 0.38125
0 0.76640625 0.65234375 0.1984375 0.396875
0 0.93046875 0.63984375 0.1390625 0.3546875
0 0.21015625 0.2484375 0.171875 0.3484375
0 0.35390625 0.26015625 0.1328125 0.3171875
0 0.45859375 0.26953125 0.140625 0.3203125
0 0.57890625 0.278125 0.1796875 0.3265625
0 0.70390625 0.2921875 0.14375 0.33125
0 0.8296875 0.2796875 0.1765625 0.371875
3 0.07265625 0.5640625 0.1296875 0.0828125
3 0.21328125 0.59296875 0.11875 0.0859375
3 0.7546875 0.6328125 0.15 0.0875
3 0.91171875 0.61796875 0.1078125 0.05625
3 0.2234375 0.22734375 0.1296875 0.084375
3 0.3375 0.24296875 0.11875 0.0890625
3 0.4515625 0.24921875 0.1015625 0.0640625
3 0.56953125 0.2515625 0.1046875 0.059375
3 0.69765625 0.24296875 0.11875 0.071875
3 0.834375 0.2515625 0.128125 0.071875
2 0.21796875 0.109375 0.0765625 0.05
2 0.34921875 0.12421875 0.0671875 0.05625
2 0.4703125 0.1359375 0.071875 0.04375
2 0.56953125 0.14140625 0.0640625 0.05
2 0.7046875 0.1375 0.0796875 0.046875
2 0.83359375 0.140625 0.0984375 0.05
2 0.07421875 0.45 0.0671875 0.0421875
2 0.2375 0.4640625 0.09375 0.0390625
2 0.76015625 0.49921875 0.0875 0.0546875
2 0.9265625 0.49765625 0.071875 0.0484375