0 0.1390625 0.6421875 0.1609375 0.3453125
0 0.28203125 0.64921875 0.1546875 0.359375
0 0.415625 0.63046875 0.1453125 0.346875
0 0.553125 0.628125 0.140625 0.3234375
0 0.6875 0.6203125 0.1359375 0.3109375
0 0.76484375 0.5625 0.134375 0.365625
0 0.21640625 0.4265625 0.15 0.278125
0 0.346875 0.4140625 0.15 0.2703125
0 0.47109375 0.40390625 0.146875 0.2703125
0 0.5953125 0.390625 0.1515625 0.265625
0 0.73046875 0.3765625 0.1609375 0.303125
0 0.88203125 0.37109375 0.159375 0.328125
3 0.15390625 0.678125 0.146875 0.125
3 0.26328125 0.65625 0.1546875 0.140625
3 0.3921875 0.6484375 0.15 0.125
3 0.534375 0.634375 0.146875 0.103125
3 0.66171875 0.62734375 0.115625 0.109375
3 0.79140625 0.5984375 0.134375 0.128125
3 0.86875 0.4296875 0.13125 0.0984375
3 0.73203125 0.43671875 0.146875 0.0859375
3 0.58828125 0.46328125 0.084375 0.0578125
3 0.4828125 0.4671875 0.1203125 0.08125
3 0.35546875 0.47421875 0.1515625 0.078125
3 0.22109375 0.48671875 0.128125 0.065625
2 0.84140625 0.240625 0.0734375 0.053125
2 0.71484375 0.265625 0.0828125 0.0640625
2 0.5875 0.27890625 0.078125 0.059375
2 0.45859375 0.28671875 0.0796875 0.05
2 0.33671875 0.30546875 0.084375 0.059375
2 0.2046875 0.3171875 0.08125 0.0609375
2 0.1296875 0.484375 0.075 0.05625
2 0.25703125 0.4703125 0.0765625 0.0578125
2 0.3828125 0.45546875 0.075 0.0609375
2 0.50859375 0.44296875 0.078125 0.0578125
2 0.63515625 0.428125 0.071875 0.05625
2 0.7640625 0.40390625 0.0765625 0.065625