0 0.83046875 0.384375 0.14375 0.3765625
0 0.6375 0.39375 0.1515625 0.334375
0 0.48125 0.415625 0.140625 0.3421875
0 0.34609375 0.4734375 0.1265625 0.334375
0 0.07421875 0.38984375 0.1484375 0.3546875
0 0.20703125 0.45546875 0.0875 0.2671875
0 0.14453125 0.41640625 0.109375 0.303125
2 0.62578125 0.71015625 0.0625 0.059375
2 0.234375 0.6484375 0.065625 0.0578125
2 0.08515625 0.5109375 0.1046875 0.0734375
2 0.690625 0.43984375 0.0828125 0.05625
2 0.909375 0.44609375 0.0953125 0.065625
2 0.81328125 0.653125 0.0640625 0.0515625
2 0.84921875 0.5453125 0.13125 0.0796875
2 0.49375 0.61796875 0.06875 0.0453125
2 0.634375 0.609375 0.071875 0.0421875