0 0.87421875 0.39609375 0.1265625 0.334375
0 0.73203125 0.37421875 0.11875 0.3484375
0 0.59765625 0.37890625 0.1109375 0.3375
0 0.46015625 0.3671875 0.1078125 0.3140625
0 0.32578125 0.3609375 0.1046875 0.3015625
0 0.24296875 0.41015625 0.096875 0.3578125
0 0.77421875 0.60234375 0.1234375 0.2671875
0 0.64296875 0.6015625 0.1234375 0.259375
0 0.51875 0.5984375 0.1203125 0.259375
0 0.39375 0.5984375 0.125 0.2546875
0 0.2578125 0.5984375 0.13125 0.290625
0 0.10625 0.58828125 0.1265625 0.3171875
3 0.8625 0.359375 0.1359375 0.1109375
3 0.7515625 0.36953125 0.1421875 0.1265625
3 0.62265625 0.36328125 0.1390625 0.1109375
3 0.4796875 0.3625 0.1390625 0.0890625
3 0.35234375 0.35625 0.10625 0.0984375
3 0.2203125 0.371875 0.1234375 0.115625
3 0.12578125 0.53125 0.1234375 0.0859375
3 0.2625 0.53828125 0.140625 0.071875
3 0.40859375 0.52734375 0.0796875 0.05
3 0.51328125 0.534375 0.1140625 0.0703125
3 0.64140625 0.540625 0.1453125 0.0640625
3 0.77578125 0.5421875 0.1234375 0.053125
2 0.13359375 0.72265625 0.06875 0.046875
2 0.26171875 0.7109375 0.078125 0.05625
2 0.38984375 0.7109375 0.0734375 0.0515625
2 0.51875 0.71640625 0.075 0.0421875
2 0.6421875 0.7109375 0.0796875 0.0515625
2 0.77421875 0.7125 0.0765625 0.053125
2 0.86640625 0.55390625 0.0703125 0.0484375
2 0.73828125 0.5546875 0.071875 0.05
2 0.61171875 0.55625 0.0703125 0.053125
2 0.48515625 0.55546875 0.0734375 0.05
2 0.3578125 0.55703125 0.0671875 0.05
2 0.22734375 0.56796875 0.0703125 0.059375