0 0.1765625 0.3671875 0.1625 0.38125
0 0.36875 0.38671875 0.1671875 0.3390625
0 0.52265625 0.41640625 0.1578125 0.346875
0 0.6546875 0.48125 0.1421875 0.3375
0 0.9234375 0.4125 0.153125 0.359375
0 0.7953125 0.4703125 0.1015625 0.26875
0 0.859375 0.43515625 0.125 0.30625
2 0.36328125 0.703125 0.065625 0.0625
2 0.75703125 0.6625 0.0671875 0.0609375
2 0.91328125 0.5328125 0.1078125 0.078125
2 0.3125 0.43046875 0.084375 0.0609375
2 0.09375 0.425 0.0984375 0.0703125
2 0.1796875 0.63671875 0.0671875 0.0546875
2 0.14921875 0.52734375 0.1328125 0.0859375
2 0.5 0.61796875 0.0703125 0.0484375
2 0.36015625 0.6015625 0.0734375 0.0453125