0 0.79375 0.50625 0.2125 0.3421875
0 0.63203125 0.5203125 0.2265625 0.3296875
0 0.42734375 0.5734375 0.2734375 0.45
0 0.65078125 0.3359375 0.1609375 0.134375
0 0.50390625 0.378125 0.1515625 0.1375
0 0.34140625 0.4671875 0.2234375 0.2796875
0 0.5171875 0.303125 0.1046875 0.1140625
0 0.584375 0.30078125 0.1140625 0.1484375
0 0.3703125 0.3109375 0.1421875 0.1125
2 0.415625 0.4171875 0.1234375 0.09375
2 0.609375 0.38984375 0.1140625 0.08125
2 0.7734375 0.37578125 0.10625 0.078125
2 0.50859375 0.353125 0.0796875 0.08125
2 0.340625 0.36953125 0.10625 0.0875
2 0.66328125 0.3375 0.0859375 0.053125
2 0.49609375 0.28984375 0.0671875 0.0484375
2 0.56953125 0.303125 0.0734375 0.0546875
2 0.36328125 0.296875 0.0796875 0.059375
2 0.43046875 0.3125 0.05625 0.05