0 0.79296875 0.61484375 0.1703125 0.365625
0 0.7 0.6234375 0.1421875 0.328125
0 0.6109375 0.6125 0.1453125 0.3203125
0 0.52890625 0.634375 0.153125 0.3078125
0 0.43046875 0.63828125 0.1375 0.3265625
0 0.3546875 0.64609375 0.140625 0.309375
0 0.25703125 0.67109375 0.1296875 0.3234375
2 0.7953125 0.471875 0.084375 0.0625
2 0.69296875 0.4828125 0.0703125 0.0578125
2 0.60546875 0.49609375 0.0765625 0.0578125
2 0.52265625 0.51171875 0.0671875 0.0515625
2 0.434375 0.51015625 0.065625 0.04375
2 0.3390625 0.525 0.0765625 0.065625
2 0.246875 0.5375 0.06875 0.0625