0 0.76796875 0.6640625 0.146875 0.359375
0 0.67578125 0.65625 0.121875 0.321875
0 0.5890625 0.6296875 0.1234375 0.3140625
0 0.50546875 0.6375 0.134375 0.3015625
0 0.4078125 0.62421875 0.1171875 0.321875
0 0.33203125 0.61875 0.1203125 0.303125
0 0.23125 0.6265625 0.1078125 0.31875
2 0.79609375 0.5234375 0.08125 0.0578125
2 0.69296875 0.51640625 0.0671875 0.053125
2 0.6046875 0.51484375 0.0734375 0.053125
2 0.5203125 0.51484375 0.0640625 0.046875
2 0.43359375 0.49921875 0.0625 0.0390625
2 0.3375 0.496875 0.0734375 0.0609375
2 0.24453125 0.49296875 0.065625 0.0578125