0 0.71015625 0.3765625 0.08125 0.45625
0 0.62734375 0.371875 0.1328125 0.5125
0 0.5359375 0.3734375 0.1109375 0.4640625
0 0.4375 0.390625 0.0671875 0.4125
0 0.3625 0.375 0.1078125 0.5296875
0 0.27265625 0.4 0.1203125 0.4625
3 0.64453125 0.41484375 0.1203125 0.1015625
3 0.5453125 0.41796875 0.1015625 0.084375
3 0.72421875 0.4140625 0.0828125 0.0734375
3 0.38828125 0.42109375 0.1140625 0.084375
3 0.26875 0.409375 0.1078125 0.0859375
3 0.45859375 0.42109375 0.0640625 0.075
2 0.64453125 0.6015625 0.0734375 0.0640625
2 0.55859375 0.59140625 0.0640625 0.05625
2 0.43671875 0.58046875 0.059375 0.046875
2 0.3828125 0.60625 0.0765625 0.0484375
2 0.29453125 0.59765625 0.071875 0.0546875
2 0.6953125 0.57265625 0.065625 0.0546875