0 0.29609375 0.365625 0.1046875 0.459375
0 0.3796875 0.365625 0.159375 0.51875
0 0.4703125 0.371875 0.134375 0.46875
0 0.56875 0.39453125 0.0875 0.4140625
0 0.64375 0.38203125 0.134375 0.534375
0 0.7328125 0.41171875 0.14375 0.4671875
3 0.36015625 0.40703125 0.125 0.1078125
3 0.45859375 0.415625 0.10625 0.0890625
3 0.28046875 0.40234375 0.0859375 0.078125
3 0.615625 0.42734375 0.11875 0.090625
3 0.7359375 0.421875 0.1125 0.0921875
3 0.5453125 0.4234375 0.0671875 0.078125
2 0.35 0.59375 0.0765625 0.0671875
2 0.43671875 0.58828125 0.065625 0.059375
2 0.559375 0.584375 0.0609375 0.05
2 0.6109375 0.61171875 0.078125 0.0515625
2 0.7 0.6078125 0.0734375 0.0578125
2 0.3015625 0.56171875 0.0671875 0.0578125