0 0.86640625 0.3703125 0.15 0.3421875
0 0.72265625 0.35859375 0.1421875 0.35625
0 0.5890625 0.37265625 0.134375 0.34375
0 0.45078125 0.3703125 0.1296875 0.3203125
0 0.31640625 0.3734375 0.125 0.3078125
0 0.2375 0.428125 0.121875 0.3640625
0 0.78046875 0.5828125 0.1421875 0.275
0 0.65 0.59140625 0.140625 0.2671875
0 0.52578125 0.596875 0.1375 0.2671875
0 0.40078125 0.60546875 0.1421875 0.2625
0 0.265625 0.61484375 0.1515625 0.2984375
0 0.11328125 0.615625 0.1484375 0.325
3 0.8515625 0.334375 0.14375 0.1203125
3 0.7421875 0.35234375 0.15 0.1359375
3 0.6125 0.3546875 0.146875 0.1203125
3 0.4703125 0.3640625 0.1453125 0.0984375
3 0.34296875 0.3671875 0.1125 0.10625
3 0.21171875 0.39140625 0.13125 0.1234375
3 0.12890625 0.55703125 0.1296875 0.09375
3 0.265625 0.5546875 0.1453125 0.08125
3 0.4109375 0.53359375 0.0828125 0.0546875
3 0.515625 0.53359375 0.11875 0.078125
3 0.64375 0.53046875 0.15 0.0734375
3 0.778125 0.52265625 0.1265625 0.0609375
2 0.15 0.74765625 0.071875 0.0515625
2 0.27734375 0.72734375 0.08125 0.0609375
2 0.4046875 0.71796875 0.0765625 0.05625
2 0.53359375 0.71484375 0.078125 0.046875
2 0.65625 0.70078125 0.0828125 0.05625
2 0.78828125 0.69296875 0.0796875 0.0578125
2 0.86953125 0.528125 0.0734375 0.053125
2 0.74140625 0.53828125 0.075 0.0546875
2 0.615625 0.5484375 0.0734375 0.0578125
2 0.4890625 0.55625 0.0765625 0.0546875
2 0.3625 0.5671875 0.0703125 0.0546875
2 0.2328125 0.58671875 0.075 0.0640625