0 0.79375 0.51171875 0.21875 0.3453125
0 0.63125 0.52265625 0.23125 0.3328125
0 0.4265625 0.571875 0.28125 0.4546875
0 0.65390625 0.33828125 0.1640625 0.1359375
0 0.50625 0.378125 0.1546875 0.140625
0 0.3421875 0.4640625 0.2265625 0.2828125
0 0.5203125 0.303125 0.10625 0.115625
0 0.5875 0.30234375 0.1171875 0.15
0 0.37421875 0.30859375 0.14375 0.1140625
2 0.4171875 0.415625 0.125 0.0953125
2 0.61171875 0.3921875 0.115625 0.0828125
2 0.77578125 0.38046875 0.1078125 0.0796875
2 0.5109375 0.35390625 0.08125 0.0828125
2 0.34296875 0.3671875 0.1078125 0.0890625
2 0.66640625 0.340625 0.0859375 0.0546875
2 0.49921875 0.28984375 0.0671875 0.0484375
2 0.57265625 0.30390625 0.075 0.05625
2 0.36640625 0.29453125 0.08125 0.0609375
2 0.43359375 0.31171875 0.05625 0.0515625