0 0.7921875 0.41328125 0.165625 0.3140625
0 0.66953125 0.3765625 0.1390625 0.2875
0 0.76484375 0.6328125 0.196875 0.396875
0 0.61015625 0.6015625 0.18125 0.390625
0 0.5296875 0.59375 0.1421875 0.375
0 0.425 0.57734375 0.16875 0.4
0 0.30390625 0.55234375 0.153125 0.36875
0 0.18359375 0.5375 0.1609375 0.365625
0 0.5578125 0.36640625 0.14375 0.2765625
0 0.440625 0.34453125 0.1546875 0.3078125
0 0.33203125 0.32109375 0.125 0.2703125
0 0.20703125 0.3234375 0.1671875 0.309375
3 0.7984375 0.41328125 0.1265625 0.071875
3 0.68359375 0.38359375 0.121875 0.0859375
3 0.5625 0.371875 0.1234375 0.0703125
3 0.44375 0.35390625 0.11875 0.0640625
3 0.3375 0.33359375 0.1140625 0.0703125
3 0.215625 0.315625 0.128125 0.0734375
3 0.18984375 0.49921875 0.125 0.06875
3 0.30859375 0.5171875 0.1125 0.0734375
3 0.42109375 0.53359375 0.1109375 0.071875
3 0.534375 0.553125 0.109375 0.0734375
3 0.65 0.56953125 0.1046875 0.0671875
3 0.7640625 0.584375 0.1078125 0.06875
2 0.81875 0.28359375 0.084375 0.053125
2 0.703125 0.26484375 0.078125 0.05
2 0.584375 0.25078125 0.0828125 0.0515625
2 0.46875 0.23203125 0.0890625 0.0546875
2 0.3578125 0.2140625 0.084375 0.053125
2 0.24921875 0.2015625 0.0859375 0.04375
2 0.79453125 0.46328125 0.084375 0.0359375
2 0.675 0.44296875 0.084375 0.053125
2 0.5578125 0.4234375 0.096875 0.053125
2 0.4390625 0.4109375 0.0828125 0.053125
2 0.33046875 0.39609375 0.08125 0.0484375
2 0.21484375 0.37578125 0.090625 0.05