0 0.7015625 0.6375 0.1125 0.459375
0 0.61796875 0.63671875 0.1671875 0.5203125
0 0.52734375 0.62890625 0.14375 0.4703125
0 0.4296875 0.6046875 0.0953125 0.4140625
0 0.35390625 0.61484375 0.14375 0.534375
0 0.26640625 0.58359375 0.1515625 0.46875
3 0.63828125 0.5953125 0.1265625 0.109375
3 0.53984375 0.58515625 0.10625 0.090625
3 0.71796875 0.6015625 0.0875 0.078125
3 0.38359375 0.5703125 0.11875 0.0921875
3 0.26328125 0.57421875 0.1125 0.09375
3 0.453125 0.57578125 0.06875 0.078125
2 0.6515625 0.40859375 0.0765625 0.06875
2 0.56484375 0.41328125 0.0671875 0.059375
2 0.4421875 0.41484375 0.0609375 0.05
2 0.390625 0.3859375 0.078125 0.053125
2 0.3015625 0.38828125 0.075 0.059375
2 0.7 0.44140625 0.06875 0.0578125