0 0.24921875 0.67265625 0.165625 0.3140625
0 0.3765625 0.66953125 0.1390625 0.2875
0 0.20703125 0.45546875 0.196875 0.396875
0 0.36328125 0.4375 0.18125 0.390625
0 0.44296875 0.41953125 0.1421875 0.375
0 0.546875 0.403125 0.16875 0.4
0 0.6703125 0.38984375 0.153125 0.36875
0 0.7890625 0.36640625 0.1609375 0.365625
0 0.48671875 0.64453125 0.14375 0.2765625
0 0.6046875 0.6296875 0.1546875 0.3078125
0 0.71484375 0.61875 0.125 0.2703125
0 0.83359375 0.57734375 0.1671875 0.309375
3 0.24296875 0.67421875 0.1265625 0.071875
3 0.3609375 0.6671875 0.121875 0.0859375
3 0.48046875 0.640625 0.1234375 0.0703125
3 0.5984375 0.62109375 0.11875 0.0640625
3 0.70625 0.6078125 0.1140625 0.0703125
3 0.82734375 0.5875 0.128125 0.0734375
3 0.7953125 0.4046875 0.125 0.06875
3 0.67734375 0.42421875 0.1125 0.0734375
3 0.56484375 0.44375 0.1109375 0.071875
3 0.45078125 0.46015625 0.109375 0.0734375
3 0.33515625 0.48046875 0.1046875 0.0671875
3 0.22265625 0.5015625 0.1078125 0.06875
2 0.26328125 0.80390625 0.084375 0.053125
2 0.37890625 0.78671875 0.078125 0.05
2 0.496875 0.76328125 0.0828125 0.0515625
2 0.6125 0.7453125 0.0890625 0.0546875
2 0.7234375 0.728125 0.084375 0.053125
2 0.83125 0.70625 0.0859375 0.04375
2 0.23125 0.62578125 0.084375 0.0359375
2 0.35078125 0.60859375 0.084375 0.053125
2 0.46875 0.590625 0.096875 0.053125
2 0.58515625 0.565625 0.0828125 0.053125
2 0.69296875 0.54609375 0.08125 0.0484375
2 0.809375 0.53046875 0.090625 0.05