0 0.70625 0.36953125 0.096875 0.4578125
0 0.62265625 0.36796875 0.15 0.5171875
0 0.53203125 0.37265625 0.1265625 0.4671875
0 0.43359375 0.39296875 0.08125 0.4140625
0 0.35859375 0.3796875 0.1265625 0.5328125
0 0.26875 0.4078125 0.1359375 0.465625
3 0.64140625 0.409375 0.1234375 0.10625
3 0.5421875 0.41640625 0.1046875 0.0875
3 0.72109375 0.40625 0.084375 0.0765625
3 0.3859375 0.42578125 0.1171875 0.0890625
3 0.265625 0.41796875 0.1109375 0.0890625
3 0.45625 0.42265625 0.065625 0.0765625
2 0.6484375 0.59609375 0.075 0.065625
2 0.56171875 0.5890625 0.065625 0.0578125
2 0.4390625 0.5828125 0.059375 0.0484375
2 0.38671875 0.61015625 0.078125 0.05
2 0.2984375 0.6046875 0.0734375 0.05625
2 0.69765625 0.565625 0.0671875 0.05625