0 0.21640625 0.38828125 0.140625 0.30625
0 0.34140625 0.3625 0.115625 0.28125
0 0.225 0.609375 0.165625 0.3890625
0 0.38125 0.59140625 0.15 0.384375
0 0.4625 0.59140625 0.1109375 0.3703125
0 0.56796875 0.58359375 0.1359375 0.39375
0 0.690625 0.56875 0.1234375 0.3640625
0 0.81171875 0.56484375 0.13125 0.359375
0 0.4546875 0.3625 0.121875 0.2703125
0 0.57265625 0.35 0.1296875 0.3
0 0.6828125 0.3359375 0.103125 0.2640625
0 0.8078125 0.34921875 0.14375 0.3015625
3 0.21015625 0.38828125 0.121875 0.0625
3 0.32734375 0.36796875 0.1171875 0.0765625
3 0.44921875 0.3671875 0.1203125 0.0609375
3 0.56875 0.359375 0.115625 0.0546875
3 0.6765625 0.3484375 0.109375 0.0625
3 0.79921875 0.34140625 0.1234375 0.0625
3 0.80859375 0.5265625 0.121875 0.059375
3 0.68984375 0.53359375 0.1078125 0.065625
3 0.57578125 0.53984375 0.10625 0.0640625
3 0.4609375 0.55 0.1046875 0.0640625
3 0.34453125 0.55625 0.1 0.059375
3 0.2296875 0.5609375 0.103125 0.059375
2 0.20078125 0.25703125 0.08125 0.046875
2 0.31796875 0.24765625 0.0765625 0.04375
2 0.4375 0.24453125 0.08125 0.04375
2 0.5546875 0.23515625 0.0859375 0.0484375
2 0.66640625 0.22734375 0.08125 0.046875
2 0.77578125 0.22421875 0.084375 0.0375
2 0.21015625 0.43828125 0.0828125 0.0296875
2 0.33046875 0.428125 0.08125 0.046875
2 0.44921875 0.41875 0.0953125 0.0453125
2 0.56875 0.4171875 0.0796875 0.046875
2 0.678125 0.41171875 0.0796875 0.0421875
2 0.79453125 0.40078125 0.0890625 0.04375