0 0.23203125 0.6453125 0.1359375 0.3046875
0 0.359375 0.65625 0.1109375 0.2796875
0 0.21328125 0.425 0.159375 0.3859375
0 0.37109375 0.42421875 0.14375 0.3828125
0 0.4515625 0.4140625 0.1046875 0.3703125
0 0.55703125 0.40859375 0.1296875 0.3921875
0 0.68046875 0.40859375 0.1171875 0.3625
0 0.8015625 0.39765625 0.125 0.3578125
0 0.47109375 0.6421875 0.1171875 0.26875
0 0.590625 0.63984375 0.125 0.2984375
0 0.7015625 0.640625 0.1 0.2640625
0 0.8234375 0.6125 0.1390625 0.3
3 0.22578125 0.646875 0.121875 0.0609375
3 0.34453125 0.65234375 0.115625 0.075
3 0.465625 0.63828125 0.1203125 0.059375
3 0.58515625 0.63125 0.1140625 0.053125
3 0.69375 0.62890625 0.109375 0.0609375
3 0.81640625 0.62109375 0.1234375 0.0609375
3 0.803125 0.43671875 0.121875 0.0578125
3 0.684375 0.44375 0.1078125 0.0625
3 0.5703125 0.45078125 0.10625 0.0609375
3 0.45546875 0.45546875 0.1046875 0.0625
3 0.33828125 0.46328125 0.1 0.0578125
3 0.22421875 0.471875 0.103125 0.0578125
2 0.2328125 0.77734375 0.0796875 0.046875
2 0.35 0.77265625 0.075 0.0421875
2 0.46875 0.76171875 0.0796875 0.04375
2 0.5859375 0.75625 0.084375 0.046875
2 0.6984375 0.75 0.0796875 0.046875
2 0.8078125 0.73984375 0.084375 0.0359375
2 0.21953125 0.596875 0.0828125 0.028125
2 0.340625 0.5921875 0.0796875 0.046875
2 0.459375 0.58671875 0.09375 0.04375
2 0.578125 0.57421875 0.078125 0.046875
2 0.6875 0.56640625 0.078125 0.0421875
2 0.8046875 0.5625 0.0875 0.0421875