0 0.86328125 0.36484375 0.1484375 0.3171875
0 0.7640625 0.36953125 0.165625 0.3546875
0 0.64765625 0.3671875 0.159375 0.36875
0 0.55703125 0.40390625 0.115625 0.328125
0 0.45 0.40859375 0.125 0.2953125
0 0.34453125 0.40703125 0.153125 0.3265625
0 0.64453125 0.62890625 0.13125 0.2203125
0 0.53828125 0.64765625 0.1375 0.20625
0 0.44453125 0.6390625 0.1078125 0.2125
0 0.3328125 0.6234375 0.1453125 0.25625
0 0.22421875 0.60546875 0.14375 0.31875
0 0.11953125 0.60859375 0.15625 0.3234375
3 0.85703125 0.38671875 0.121875 0.0890625
3 0.75390625 0.39375 0.1125 0.075
3 0.66015625 0.4 0.09375 0.0625
3 0.5515625 0.41875 0.0921875 0.065625
3 0.45859375 0.41875 0.071875 0.0640625
3 0.65 0.60234375 0.0984375 0.0859375
3 0.5390625 0.60390625 0.1046875 0.0796875
3 0.4390625 0.61640625 0.0859375 0.0734375
3 0.3359375 0.6234375 0.09375 0.0765625
3 0.234375 0.63203125 0.0859375 0.0828125
2 0.6640625 0.7171875 0.065625 0.04375
2 0.55703125 0.72109375 0.0765625 0.0578125
2 0.4453125 0.72890625 0.05625 0.04375
2 0.34609375 0.73125 0.0703125 0.04375
2 0.25234375 0.740625 0.06875 0.04375
2 0.1515625 0.74921875 0.08125 0.0421875
2 0.87421875 0.5015625 0.0625 0.0390625
2 0.77265625 0.5140625 0.08125 0.059375
2 0.671875 0.5171875 0.0796875 0.0515625
2 0.56953125 0.525 0.0875 0.0453125
2 0.46328125 0.53125 0.0609375 0.046875
2 0.36953125 0.5390625 0.071875 0.05