0 0.92734375 0.3953125 0.1453125 0.365625
0 0.753125 0.37109375 0.2078125 0.384375
0 0.2359375 0.34296875 0.2046875 0.3984375
0 0.07109375 0.3515625 0.1421875 0.35625
0 0.78515625 0.75625 0.178125 0.35
0 0.6421875 0.7421875 0.1390625 0.31875
0 0.53671875 0.73125 0.146875 0.321875
0 0.4171875 0.7203125 0.184375 0.3296875
0 0.2921875 0.70390625 0.1484375 0.3328125
0 0.16640625 0.71484375 0.1828125 0.3734375
3 0.928125 0.44296875 0.13125 0.0859375
3 0.78828125 0.41171875 0.11875 0.0875
3 0.24765625 0.3625 0.15 0.0890625
3 0.090625 0.375 0.1078125 0.059375
3 0.771875 0.77734375 0.1296875 0.0859375
3 0.6578125 0.76015625 0.1203125 0.090625
3 0.54453125 0.7515625 0.1015625 0.065625
3 0.4265625 0.746875 0.1046875 0.0609375
3 0.2984375 0.75390625 0.1203125 0.0734375
3 0.1609375 0.74296875 0.1296875 0.0734375
2 0.77578125 0.8953125 0.0765625 0.0515625
2 0.64453125 0.878125 0.0671875 0.0578125
2 0.5234375 0.8640625 0.0734375 0.0453125
2 0.42421875 0.85703125 0.0640625 0.0515625
2 0.2890625 0.85859375 0.08125 0.046875
2 0.16015625 0.85390625 0.1 0.0515625
2 0.925 0.55703125 0.06875 0.04375
2 0.76171875 0.540625 0.09375 0.040625
2 0.23984375 0.49609375 0.0875 0.05625
2 0.0734375 0.4953125 0.0734375 0.05