0 0.15546875 0.5625 0.1375 0.375
0 0.34765625 0.58359375 0.1453125 0.3328125
0 0.5046875 0.58671875 0.1359375 0.3421875
0 0.64765625 0.55 0.1203125 0.3328125
0 0.90703125 0.675 0.15 0.353125
0 0.7828125 0.590625 0.084375 0.2671875
0 0.83828125 0.63828125 0.1046875 0.3015625
2 0.40859375 0.27265625 0.0609375 0.0578125
2 0.78515625 0.39453125 0.0640625 0.0578125
2 0.9109375 0.55390625 0.1046875 0.071875
2 0.30234375 0.52890625 0.08125 0.0546875
2 0.0875 0.4890625 0.09375 0.0640625
2 0.21484375 0.3 0.0640625 0.0515625
2 0.1625 0.40078125 0.1296875 0.0765625
2 0.52421875 0.384375 0.06875 0.04375
2 0.384375 0.37109375 0.0703125 0.040625