0 0.29375 0.63046875 0.096875 0.4578125
0 0.37734375 0.63203125 0.15 0.5171875
0 0.46796875 0.62734375 0.1265625 0.4671875
0 0.56640625 0.60703125 0.08125 0.4140625
0 0.64140625 0.6203125 0.1265625 0.5328125
0 0.73125 0.5921875 0.1359375 0.465625
3 0.35859375 0.590625 0.1234375 0.10625
3 0.4578125 0.58359375 0.1046875 0.0875
3 0.27890625 0.59375 0.084375 0.0765625
3 0.6140625 0.57421875 0.1171875 0.0890625
3 0.734375 0.58203125 0.1109375 0.0890625
3 0.54375 0.57734375 0.065625 0.0765625
2 0.3515625 0.40390625 0.075 0.065625
2 0.43828125 0.4109375 0.065625 0.0578125
2 0.5609375 0.4171875 0.059375 0.0484375
2 0.61328125 0.38984375 0.078125 0.05
2 0.7015625 0.3953125 0.0734375 0.05625
2 0.30234375 0.434375 0.0671875 0.05625