0 0.11484375 0.45703125 0.178125 0.3265625
0 0.21171875 0.4375 0.2 0.3640625
0 0.325 0.40703125 0.1953125 0.378125
0 0.421875 0.4203125 0.1484375 0.3328125
0 0.5265625 0.39921875 0.153125 0.303125
0 0.628125 0.371875 0.184375 0.3359375
0 0.390625 0.659375 0.1515625 0.2296875
0 0.4984375 0.65234375 0.15625 0.2171875
0 0.5875 0.621875 0.128125 0.21875
0 0.6921875 0.5796875 0.16875 0.2671875
0 0.79375 0.53515625 0.1734375 0.328125
0 0.89609375 0.51328125 0.1875 0.3328125
3 0.12578125 0.4765625 0.1296875 0.1
3 0.22734375 0.45859375 0.1171875 0.084375
3 0.32109375 0.4421875 0.0984375 0.071875
3 0.43046875 0.43359375 0.096875 0.0734375
3 0.52109375 0.41171875 0.0765625 0.0703125
3 0.3796875 0.63515625 0.10625 0.0953125
3 0.48671875 0.61015625 0.1109375 0.0890625
3 0.58671875 0.5984375 0.0921875 0.0796875
3 0.6890625 0.5796875 0.1 0.084375
3 0.78984375 0.5640625 0.09375 0.0890625
2 0.39375 0.75078125 0.06875 0.05
2 0.4984375 0.728125 0.08125 0.065625
2 0.6078125 0.70859375 0.059375 0.05
2 0.70546875 0.6875 0.0734375 0.05
2 0.7984375 0.6734375 0.071875 0.05
2 0.8984375 0.6578125 0.0828125 0.05
2 0.13671875 0.59140625 0.065625 0.04375
2 0.2390625 0.5796875 0.0859375 0.0671875
2 0.3375 0.5578125 0.0828125 0.059375
2 0.43828125 0.54140625 0.090625 0.053125
2 0.54375 0.521875 0.0640625 0.0515625
2 0.6359375 0.50625 0.075 0.05625