0 0.0765625 0.43359375 0.153125 0.3734375
0 0.23671875 0.39375 0.2390625 0.3953125
0 0.74921875 0.3203125 0.2359375 0.4109375
0 0.91328125 0.3140625 0.1734375 0.3625
0 0.23828125 0.78046875 0.20625 0.3609375
0 0.3796875 0.75390625 0.1640625 0.325
0 0.48359375 0.73359375 0.171875 0.3296875
0 0.6015625 0.7125 0.2109375 0.340625
0 0.725 0.68515625 0.1765625 0.340625
0 0.8515625 0.68515625 0.2125 0.384375
3 0.06796875 0.48046875 0.1359375 0.0953125
3 0.20546875 0.4375 0.125 0.096875
3 0.7390625 0.34140625 0.15625 0.1015625
3 0.896875 0.33984375 0.1109375 0.0671875
3 0.253125 0.8 0.1359375 0.096875
3 0.365625 0.77265625 0.125 0.1
3 0.478125 0.75390625 0.10625 0.0734375
3 0.59453125 0.73984375 0.109375 0.0703125
3 0.7234375 0.73515625 0.125 0.0828125
3 0.85859375 0.7125 0.134375 0.084375
2 0.26015625 0.91796875 0.0796875 0.0578125
2 0.3890625 0.8890625 0.071875 0.0625
2 0.50859375 0.86484375 0.0765625 0.0515625
2 0.60703125 0.84921875 0.0671875 0.05625
2 0.74140625 0.8390625 0.084375 0.053125
2 0.86875 0.82265625 0.103125 0.059375
2 0.08125 0.59375 0.0703125 0.0484375
2 0.24296875 0.56328125 0.096875 0.0484375
2 0.759375 0.4734375 0.090625 0.0625
2 0.92421875 0.4578125 0.0765625 0.05625