0 0.846875 0.45546875 0.15625 0.3796875
0 0.65625 0.425 0.1625 0.3375
0 0.5 0.41328125 0.153125 0.3453125
0 0.103125 0.30390625 0.1671875 0.3578125
0 0.22265625 0.3953125 0.096875 0.26875
0 0.16953125 0.34453125 0.1203125 0.3046875
2 0.5796875 0.73203125 0.0640625 0.0609375
2 0.209375 0.590625 0.0671875 0.059375
2 0.0921875 0.425 0.1078125 0.0765625
2 0.69921875 0.48125 0.084375 0.059375
2 0.91171875 0.5328125 0.096875 0.06875
2 0.77421875 0.71484375 0.065625 0.0546875
2 0.83203125 0.6171875 0.1328125 0.0828125
2 0.46953125 0.6140625 0.0703125 0.046875
2 0.60859375 0.634375 0.071875 0.04375