0 0.1578125 0.575 0.125 0.371875
0 0.35078125 0.58828125 0.134375 0.3296875
0 0.5078125 0.5859375 0.1234375 0.3375
0 0.64921875 0.5453125 0.109375 0.3296875
0 0.9125 0.6609375 0.1390625 0.35
0 0.7859375 0.58046875 0.075 0.2640625
0 0.84296875 0.62578125 0.0953125 0.3
2 0.40078125 0.27578125 0.059375 0.05625
2 0.78125 0.384375 0.0625 0.0546875
2 0.91328125 0.5390625 0.1015625 0.06875
2 0.303125 0.5359375 0.0796875 0.053125
2 0.0875 0.50390625 0.0921875 0.0609375
2 0.2078125 0.31015625 0.0625 0.0484375
2 0.159375 0.4125 0.1265625 0.0734375
2 0.5203125 0.38359375 0.0671875 0.040625
2 0.3796875 0.37578125 0.0703125 0.0390625