0 0.9 0.3078125 0.1765625 0.371875
0 0.72109375 0.32109375 0.2328125 0.39375
0 0.209375 0.4015625 0.2296875 0.4078125
0 0.06640625 0.44375 0.1328125 0.3625
0 0.83203125 0.69140625 0.2 0.359375
0 0.6890625 0.7078125 0.159375 0.325
0 0.584375 0.71875 0.1671875 0.328125
0 0.46484375 0.7328125 0.2046875 0.3375
0 0.3390625 0.74296875 0.1703125 0.3390625
0 0.21796875 0.7796875 0.20625 0.3828125
3 0.90703125 0.35546875 0.1359375 0.09375
3 0.76328125 0.35390625 0.1234375 0.0953125
3 0.225 0.41796875 0.1546875 0.0984375
3 0.0734375 0.46328125 0.1109375 0.065625
3 0.8234375 0.71484375 0.134375 0.0953125
3 0.70859375 0.721875 0.125 0.0984375
3 0.5953125 0.73671875 0.10625 0.071875
3 0.4796875 0.75703125 0.1078125 0.06875
3 0.35546875 0.78984375 0.1234375 0.08125
3 0.21875 0.8078125 0.1328125 0.0828125
2 0.8515625 0.82890625 0.0796875 0.05625
2 0.71953125 0.83984375 0.0703125 0.0609375
2 0.5984375 0.8515625 0.075 0.05
2 0.5 0.865625 0.0671875 0.0546875
2 0.36875 0.89453125 0.0828125 0.053125
2 0.24140625 0.91640625 0.1015625 0.0578125
2 0.928125 0.4671875 0.0703125 0.0484375
2 0.76484375 0.48515625 0.0953125 0.046875
2 0.24453125 0.55 0.090625 0.0609375
2 0.08203125 0.584375 0.0765625 0.0546875