0 0.1640625 0.5984375 0.125 0.371875
0 0.35703125 0.5984375 0.134375 0.3296875
0 0.5140625 0.58515625 0.1234375 0.3375
0 0.92265625 0.63125 0.1390625 0.35
0 0.790625 0.56015625 0.075 0.2640625
0 0.85078125 0.6015625 0.0953125 0.3
2 0.38515625 0.28359375 0.059375 0.05625
2 0.77265625 0.365625 0.0625 0.0546875
2 0.91484375 0.51015625 0.1015625 0.06875
2 0.30625 0.55 0.0796875 0.053125
2 0.08828125 0.53203125 0.0921875 0.0609375
2 0.1953125 0.33046875 0.0625 0.0484375
2 0.15390625 0.4359375 0.1265625 0.0734375
2 0.5125 0.38203125 0.0671875 0.040625
2 0.371875 0.384375 0.0703125 0.0390625