0 0.12109375 0.4171875 0.1484375 0.3171875
0 0.2203125 0.4078125 0.165625 0.3546875
0 0.3359375 0.3890625 0.159375 0.36875
0 0.43046875 0.4125 0.115625 0.328125
0 0.53671875 0.40234375 0.125 0.2953125
0 0.640625 0.3859375 0.153125 0.3265625
0 0.375 0.64765625 0.13125 0.2203125
0 0.48203125 0.6515625 0.1375 0.20625
0 0.57421875 0.63046875 0.1078125 0.2125
0 0.6828125 0.59921875 0.1453125 0.25625
0 0.78828125 0.565625 0.14375 0.31875
0 0.8921875 0.5546875 0.15625 0.3234375
3 0.13046875 0.4375 0.121875 0.0890625
3 0.23359375 0.43046875 0.1125 0.075
3 0.328125 0.4234375 0.09375 0.0625
3 0.4375 0.4265625 0.0921875 0.065625
3 0.5296875 0.4140625 0.071875 0.0640625
3 0.365625 0.621875 0.0984375 0.0859375
3 0.47578125 0.60859375 0.1046875 0.0796875
3 0.5765625 0.60703125 0.0859375 0.0734375
3 0.6796875 0.59921875 0.09375 0.0765625
3 0.78125 0.59375 0.0859375 0.0828125
2 0.36796875 0.73828125 0.065625 0.04375
2 0.47421875 0.7265625 0.0765625 0.0578125
2 0.5859375 0.71875 0.05625 0.04375
2 0.684375 0.7078125 0.0703125 0.04375
2 0.77890625 0.70390625 0.06875 0.04375
2 0.8796875 0.6984375 0.08125 0.0421875
2 0.1296875 0.553125 0.0625 0.0390625
2 0.23203125 0.5515625 0.08125 0.059375
2 0.33203125 0.540625 0.0796875 0.0515625
2 0.434375 0.534375 0.0875 0.0453125
2 0.540625 0.52578125 0.0609375 0.046875
2 0.634375 0.5203125 0.071875 0.05