0 0.77890625 0.3546875 0.134375 0.3546875
0 0.6859375 0.35625 0.1109375 0.31875
0 0.5984375 0.3765625 0.1125 0.3109375
0 0.51484375 0.36328125 0.1234375 0.296875
0 0.41640625 0.36953125 0.10625 0.31875
0 0.340625 0.36953125 0.109375 0.3
0 0.240625 0.3546875 0.096875 0.315625
2 0.796875 0.49765625 0.0796875 0.0546875
2 0.69375 0.496875 0.065625 0.0515625
2 0.60546875 0.4921875 0.071875 0.0515625
2 0.52109375 0.4859375 0.0625 0.0453125
2 0.43359375 0.496875 0.0609375 0.0375
2 0.3375 0.49140625 0.071875 0.059375
2 0.24453125 0.4890625 0.0640625 0.05625