0 0.21484375 0.39296875 0.1453125 0.3078125
0 0.3390625 0.36484375 0.1203125 0.2828125
0 0.2265625 0.6140625 0.171875 0.390625
0 0.3828125 0.59375 0.15625 0.3859375
0 0.4640625 0.59140625 0.1171875 0.371875
0 0.56953125 0.5828125 0.1421875 0.3953125
0 0.69140625 0.565625 0.1296875 0.365625
0 0.8125 0.559375 0.1359375 0.3609375
0 0.4515625 0.36328125 0.125 0.271875
0 0.56953125 0.3484375 0.134375 0.3015625
0 0.6796875 0.3328125 0.1078125 0.265625
0 0.8046875 0.34375 0.1484375 0.303125
3 0.20859375 0.39296875 0.1234375 0.0640625
3 0.325 0.37109375 0.11875 0.078125
3 0.446875 0.36796875 0.121875 0.0625
3 0.56640625 0.35859375 0.115625 0.05625
3 0.67421875 0.3453125 0.1109375 0.0640625
3 0.79609375 0.3359375 0.125 0.065625
3 0.809375 0.52109375 0.1234375 0.0609375
3 0.68984375 0.53046875 0.109375 0.0671875
3 0.5765625 0.5390625 0.1078125 0.065625
3 0.46171875 0.55 0.10625 0.0671875
3 0.3453125 0.559375 0.1015625 0.0609375
3 0.23046875 0.565625 0.1046875 0.0609375
2 0.196875 0.2625 0.08125 0.0484375
2 0.31328125 0.2515625 0.0765625 0.0453125
2 0.4328125 0.2453125 0.08125 0.0453125
2 0.55 0.234375 0.0859375 0.05
2 0.66171875 0.225 0.08125 0.0484375
2 0.77109375 0.21953125 0.0859375 0.0390625
2 0.20859375 0.44296875 0.0828125 0.0296875
2 0.32890625 0.43125 0.08125 0.0484375
2 0.44765625 0.41953125 0.0953125 0.046875
2 0.5671875 0.415625 0.0796875 0.0484375
2 0.6765625 0.40859375 0.0796875 0.04375
2 0.79296875 0.39609375 0.0890625 0.0453125