0 0.12734375 0.61015625 0.1328125 0.3359375
0 0.2703125 0.6296875 0.125 0.35
0 0.4046875 0.62265625 0.1171875 0.3390625
0 0.5421875 0.63203125 0.1125 0.315625
0 0.6765625 0.6359375 0.109375 0.303125
0 0.75859375 0.58515625 0.103125 0.359375
0 0.22421875 0.40234375 0.128125 0.26875
0 0.35546875 0.40078125 0.128125 0.2609375
0 0.4796875 0.4015625 0.125 0.2609375
0 0.6046875 0.4 0.1296875 0.25625
0 0.740625 0.39765625 0.1359375 0.2921875
0 0.8921875 0.4046875 0.1328125 0.31875
3 0.13984375 0.646875 0.1375 0.1140625
3 0.25078125 0.63515625 0.14375 0.1296875
3 0.3796875 0.6390625 0.140625 0.1140625
3 0.52265625 0.6375 0.140625 0.0921875
3 0.65 0.64140625 0.1078125 0.1
3 0.78203125 0.6234375 0.125 0.1171875
3 0.8734375 0.4625 0.125 0.0875
3 0.73671875 0.4578125 0.1421875 0.075
3 0.590625 0.47109375 0.08125 0.0515625
3 0.4859375 0.465625 0.115625 0.071875
3 0.3578125 0.46171875 0.146875 0.0671875
3 0.2234375 0.4625 0.125 0.0546875
2 0.8625 0.27109375 0.0703125 0.0484375
2 0.734375 0.28515625 0.0796875 0.0578125
2 0.60625 0.2875 0.075 0.053125
2 0.47734375 0.28359375 0.075 0.04375
2 0.35390625 0.29140625 0.08125 0.053125
2 0.221875 0.2921875 0.078125 0.0546875
2 0.1328125 0.45234375 0.071875 0.05
2 0.2609375 0.44921875 0.0734375 0.0515625
2 0.3875 0.44609375 0.071875 0.0546875
2 0.5140625 0.44453125 0.075 0.0515625
2 0.64140625 0.440625 0.06875 0.0515625
2 0.77109375 0.42734375 0.071875 0.0609375