0 0.775 0.36875 0.1203125 0.2984375
0 0.6484375 0.3515625 0.096875 0.275
0 0.78203125 0.58984375 0.1390625 0.3796875
0 0.625 0.5828125 0.1234375 0.3765625
0 0.54375 0.58828125 0.0859375 0.365625
0 0.43828125 0.58828125 0.109375 0.3875
0 0.31484375 0.58203125 0.0984375 0.3578125
0 0.19375 0.58671875 0.10625 0.353125
0 0.5359375 0.359375 0.103125 0.2640625
0 0.4171875 0.35546875 0.109375 0.29375
0 0.30625 0.34921875 0.0859375 0.259375
0 0.1828125 0.37109375 0.1234375 0.29375
3 0.78125 0.36796875 0.11875 0.0546875
3 0.66328125 0.35625 0.1125 0.06875
3 0.54140625 0.3640625 0.1171875 0.053125
3 0.421875 0.36484375 0.1125 0.046875
3 0.31328125 0.3609375 0.10625 0.0546875
3 0.190625 0.3625 0.1203125 0.0546875
3 0.19375 0.54765625 0.11875 0.0515625
3 0.31328125 0.546875 0.1046875 0.0578125
3 0.42734375 0.5453125 0.103125 0.05625
3 0.5421875 0.546875 0.1015625 0.0578125
3 0.659375 0.5453125 0.096875 0.053125
3 0.77421875 0.5421875 0.1 0.053125
2 0.78125 0.23671875 0.078125 0.0421875
2 0.6640625 0.2359375 0.0734375 0.0390625
2 0.54453125 0.240625 0.078125 0.0390625
2 0.42734375 0.23984375 0.0828125 0.0421875
2 0.31484375 0.23984375 0.078125 0.0421875
2 0.20546875 0.24453125 0.0828125 0.03125
2 0.78515625 0.41796875 0.08125 0.0234375
2 0.6640625 0.41640625 0.078125 0.0421875
2 0.5453125 0.415625 0.0921875 0.0390625
2 0.42578125 0.421875 0.0765625 0.0421875
2 0.31640625 0.42421875 0.0765625 0.0375
2 0.19921875 0.421875 0.0859375 0.0375