0 0.225 0.63125 0.1203125 0.2984375
0 0.3515625 0.6484375 0.096875 0.275
0 0.21796875 0.41015625 0.1390625 0.3796875
0 0.375 0.4171875 0.1234375 0.3765625
0 0.45625 0.41171875 0.0859375 0.365625
0 0.56171875 0.41171875 0.109375 0.3875
0 0.68515625 0.41796875 0.0984375 0.3578125
0 0.80625 0.41328125 0.10625 0.353125
0 0.4640625 0.640625 0.103125 0.2640625
0 0.5828125 0.64453125 0.109375 0.29375
0 0.69375 0.65078125 0.0859375 0.259375
0 0.8171875 0.62890625 0.1234375 0.29375
3 0.21875 0.63203125 0.11875 0.0546875
3 0.33671875 0.64375 0.1125 0.06875
3 0.45859375 0.6359375 0.1171875 0.053125
3 0.578125 0.63515625 0.1125 0.046875
3 0.68671875 0.6390625 0.10625 0.0546875
3 0.809375 0.6375 0.1203125 0.0546875
3 0.80625 0.45234375 0.11875 0.0515625
3 0.68671875 0.453125 0.1046875 0.0578125
3 0.57265625 0.4546875 0.103125 0.05625
3 0.4578125 0.453125 0.1015625 0.0578125
3 0.340625 0.4546875 0.096875 0.053125
3 0.22578125 0.4578125 0.1 0.053125
2 0.21875 0.76328125 0.078125 0.0421875
2 0.3359375 0.7640625 0.0734375 0.0390625
2 0.45546875 0.759375 0.078125 0.0390625
2 0.57265625 0.76015625 0.0828125 0.0421875
2 0.68515625 0.76015625 0.078125 0.0421875
2 0.79453125 0.75546875 0.0828125 0.03125
2 0.21484375 0.58203125 0.08125 0.0234375
2 0.3359375 0.58359375 0.078125 0.0421875
2 0.4546875 0.584375 0.0921875 0.0390625
2 0.57421875 0.578125 0.0765625 0.0421875
2 0.68359375 0.57578125 0.0765625 0.0375
2 0.80078125 0.578125 0.0859375 0.0375