0 0.11875 0.56953125 0.1578125 0.3203125
0 0.2171875 0.5828125 0.178125 0.3578125
0 0.33203125 0.6046875 0.171875 0.3734375
0 0.42734375 0.58515625 0.1265625 0.3296875
0 0.53359375 0.5984375 0.134375 0.2984375
0 0.63671875 0.61875 0.1640625 0.33125
0 0.3796875 0.3484375 0.1390625 0.2234375
0 0.4875 0.34765625 0.14375 0.2109375
0 0.57890625 0.37265625 0.1140625 0.215625
0 0.68671875 0.40703125 0.153125 0.2609375
0 0.790625 0.44375 0.153125 0.321875
0 0.89375 0.45859375 0.1671875 0.3265625
3 0.12890625 0.55 0.125 0.09375
3 0.23125 0.56015625 0.1140625 0.078125
3 0.325 0.5703125 0.0953125 0.065625
3 0.43515625 0.57109375 0.09375 0.06875
3 0.52734375 0.58671875 0.0734375 0.065625
3 0.3703125 0.3734375 0.1015625 0.0890625
3 0.47890625 0.390625 0.1078125 0.0828125
3 0.5796875 0.39609375 0.0875 0.075
3 0.68359375 0.40703125 0.0953125 0.0796875
3 0.784375 0.415625 0.0890625 0.084375
2 0.3765625 0.2578125 0.065625 0.0453125
2 0.48203125 0.27265625 0.078125 0.0609375
2 0.59375 0.284375 0.0578125 0.0453125
2 0.69140625 0.2984375 0.0703125 0.0453125
2 0.7859375 0.30625 0.06875 0.0453125
2 0.8859375 0.31484375 0.08125 0.0453125
2 0.13125 0.43359375 0.0640625 0.040625
2 0.23359375 0.4390625 0.0828125 0.0625
2 0.33359375 0.453125 0.08125 0.0546875
2 0.43515625 0.46328125 0.0875 0.0484375
2 0.5421875 0.475 0.0625 0.0484375
2 0.63515625 0.484375 0.0734375 0.0515625