0 0.828125 0.621875 0.15 0.378125
0 0.63515625 0.60859375 0.15625 0.3359375
0 0.48046875 0.584375 0.146875 0.34375
0 0.34609375 0.52421875 0.1328125 0.334375
0 0.075 0.6015625 0.15 0.35625
0 0.20625 0.53984375 0.0921875 0.2671875
0 0.14296875 0.57734375 0.115625 0.3046875
2 0.6296875 0.2921875 0.0625 0.0609375
2 0.2375 0.346875 0.065625 0.059375
2 0.0859375 0.48125 0.10625 0.075
2 0.68984375 0.56328125 0.0828125 0.0578125
2 0.90859375 0.5609375 0.096875 0.0671875
2 0.815625 0.35234375 0.065625 0.053125
2 0.85 0.4609375 0.13125 0.08125
2 0.49609375 0.38203125 0.06875 0.0453125
2 0.6359375 0.39296875 0.071875 0.0421875