0 0.759375 0.678125 0.1640625 0.3640625
0 0.6671875 0.665625 0.1375 0.3265625
0 0.5828125 0.634375 0.1390625 0.31875
0 0.4984375 0.6375 0.1484375 0.30625
0 0.40078125 0.61953125 0.1328125 0.3265625
0 0.32578125 0.609375 0.1359375 0.3078125
0 0.225 0.6125 0.125 0.321875
2 0.79453125 0.5390625 0.0828125 0.0609375
2 0.6921875 0.5265625 0.06875 0.05625
2 0.60390625 0.5203125 0.075 0.0578125
2 0.51953125 0.51640625 0.0671875 0.05
2 0.43359375 0.4953125 0.0640625 0.0421875
2 0.3375 0.48828125 0.0765625 0.065625
2 0.2453125 0.4796875 0.0671875 0.0609375