0 0.7828125 0.39453125 0.1859375 0.5078125
2 0.7359375 0.17421875 0.0765625 0.05
3 0.771875 0.37265625 0.1453125 0.1296875
0 0.625 0.40859375 0.1734375 0.490625
3 0.63828125 0.39296875 0.1265625 0.0953125
2 0.64453125 0.19921875 0.06875 0.053125
0 0.52734375 0.38671875 0.1453125 0.465625
2 0.5265625 0.1828125 0.0625 0.0484375
3 0.5265625 0.35859375 0.11875 0.090625
0 0.40859375 0.36953125 0.159375 0.45
3 0.409375 0.3578125 0.1265625 0.1015625
2 0.41328125 0.175 0.08125 0.0515625
0 0.2734375 0.38359375 0.20625 0.4734375
2 0.3109375 0.18359375 0.0796875 0.0640625
3 0.2796875 0.35859375 0.14375 0.1