0 0.2 0.4609375 0.24375 0.5203125
2 0.196875 0.23515625 0.0796875 0.059375
3 0.20625 0.43671875 0.1578125 0.14375
0 0.3578125 0.4390625 0.2296875 0.5015625
3 0.34140625 0.4265625 0.1359375 0.109375
2 0.29140625 0.2390625 0.0734375 0.0609375
0 0.44765625 0.39609375 0.2 0.4734375
2 0.403125 0.196875 0.0671875 0.0546875
3 0.44296875 0.36796875 0.1265625 0.103125
0 0.559375 0.35234375 0.2109375 0.4609375
3 0.55625 0.340625 0.1359375 0.115625
2 0.51171875 0.1640625 0.084375 0.059375
0 0.69453125 0.3359375 0.2609375 0.4890625
2 0.6125 0.14921875 0.0859375 0.071875
3 0.6828125 0.3125 0.153125 0.115625