0 0.1375 0.46796875 0.2375 0.578125
0 0.30234375 0.4921875 0.20625 0.565625
0 0.46015625 0.48203125 0.1953125 0.525
0 0.58984375 0.50390625 0.178125 0.53125
0 0.72265625 0.5234375 0.190625 0.5484375
0 0.88125 0.5390625 0.2375 0.55625
2 0.13203125 0.72890625 0.065625 0.0484375
2 0.28515625 0.7359375 0.0609375 0.0515625
2 0.42734375 0.71484375 0.0578125 0.0359375
2 0.56015625 0.74296875 0.053125 0.0359375
2 0.68203125 0.76953125 0.05625 0.0421875
2 0.815625 0.7828125 0.059375 0.05
3 0.13984375 0.50546875 0.1734375 0.15
3 0.30234375 0.51640625 0.159375 0.1640625
3 0.72265625 0.5453125 0.140625 0.153125
3 0.8796875 0.54140625 0.1734375 0.1546875