0 0.134375 0.32890625 0.2265625 0.5375
0 0.278125 0.35234375 0.1859375 0.5328125
0 0.4234375 0.36328125 0.1796875 0.515625
0 0.57265625 0.35859375 0.1875 0.5140625
0 0.7265625 0.37578125 0.1890625 0.5203125
0 0.8859375 0.39296875 0.2046875 0.5296875
2 0.096875 0.56328125 0.09375 0.0578125
2 0.25 0.58515625 0.0953125 0.05625
2 0.4046875 0.5859375 0.08125 0.0546875
2 0.565625 0.58671875 0.08125 0.0546875
2 0.71328125 0.6015625 0.0859375 0.05625
2 0.8828125 0.628125 0.0890625 0.0578125
3 0.1203125 0.35859375 0.1609375 0.1421875
3 0.27109375 0.41015625 0.1546875 0.115625
3 0.4203125 0.3984375 0.146875 0.1359375
3 0.5734375 0.39375 0.1453125 0.10625
3 0.7234375 0.4015625 0.153125 0.1328125
3 0.88515625 0.43671875 0.165625 0.140625