0 0.140625 0.44296875 0.275 0.5859375
0 0.303125 0.47890625 0.24375 0.5703125
0 0.46171875 0.47890625 0.2296875 0.5296875
0 0.5890625 0.51015625 0.2140625 0.534375
0 0.72109375 0.5390625 0.2265625 0.553125
0 0.8703125 0.565625 0.259375 0.565625
2 0.11640625 0.703125 0.0671875 0.0515625
2 0.26953125 0.7203125 0.0625 0.0546875
2 0.4125 0.709375 0.059375 0.0390625
2 0.54296875 0.74609375 0.0546875 0.0390625
2 0.66328125 0.78203125 0.059375 0.046875
2 0.7953125 0.8046875 0.0609375 0.053125
3 0.13984375 0.48046875 0.18125 0.1609375
3 0.30234375 0.50234375 0.1671875 0.1734375
3 0.71953125 0.5609375 0.1484375 0.1609375
3 0.87578125 0.56796875 0.18125 0.1640625