0 0.8640625 0.4875 0.1890625 0.565625
0 0.69765625 0.48359375 0.159375 0.55625
0 0.54140625 0.51328125 0.1515625 0.515625
0 0.41015625 0.50703125 0.134375 0.521875
0 0.27578125 0.50390625 0.1453125 0.5390625
0 0.10859375 0.50859375 0.2078125 0.5421875
2 0.8375 0.22734375 0.0609375 0.04375
2 0.684375 0.23984375 0.0578125 0.046875
2 0.54609375 0.278125 0.0546875 0.03125
2 0.4109375 0.26640625 0.05 0.0328125
2 0.2859375 0.2546875 0.053125 0.0390625
2 0.15234375 0.2578125 0.0546875 0.0453125
3 0.85703125 0.45078125 0.1625 0.1375
3 0.69375 0.46015625 0.146875 0.153125
3 0.2734375 0.48203125 0.1296875 0.1421875
3 0.11796875 0.50546875 0.1625 0.1421875