0 0.77265625 0.3703125 0.228125 0.5171875
2 0.70625 0.1546875 0.0796875 0.05625
3 0.759375 0.34921875 0.1546875 0.140625
0 0.61640625 0.3984375 0.2140625 0.4984375
3 0.628125 0.38125 0.1328125 0.1046875
2 0.61796875 0.1875 0.071875 0.059375
0 0.51796875 0.384375 0.184375 0.471875
2 0.4984375 0.18125 0.0671875 0.053125
3 0.5140625 0.35703125 0.125 0.1
0 0.39765625 0.378125 0.196875 0.4578125
3 0.39765625 0.36640625 0.134375 0.1109375
2 0.38515625 0.18359375 0.084375 0.0578125
0 0.2640625 0.40390625 0.2453125 0.484375
2 0.284375 0.2015625 0.084375 0.06875
3 0.26796875 0.378125 0.15 0.1109375