0 0.77265625 0.62734375 0.221875 0.5171875
2 0.7109375 0.84453125 0.078125 0.05625
3 0.759375 0.6484375 0.153125 0.1390625
0 0.615625 0.60390625 0.209375 0.5
3 0.62734375 0.6203125 0.13125 0.1046875
2 0.62109375 0.8140625 0.071875 0.0578125
0 0.51640625 0.6203125 0.1796875 0.4734375
2 0.503125 0.82421875 0.065625 0.0546875
3 0.51328125 0.64765625 0.1234375 0.0984375
0 0.396875 0.63046875 0.1921875 0.459375
3 0.396875 0.6421875 0.1328125 0.1109375
2 0.3890625 0.82421875 0.0828125 0.0578125
0 0.2625 0.60859375 0.2390625 0.484375
2 0.28828125 0.81015625 0.0828125 0.0703125
3 0.2671875 0.634375 0.15 0.109375