0 0.77734375 0.6203125 0.2109375 0.5140625
2 0.71796875 0.83828125 0.078125 0.0546875
3 0.76484375 0.64140625 0.1515625 0.1359375
0 0.6203125 0.59765625 0.1984375 0.4953125
3 0.6328125 0.61484375 0.13125 0.1015625
2 0.62890625 0.8078125 0.0703125 0.05625
0 0.521875 0.61484375 0.16875 0.4703125
2 0.509375 0.81875 0.065625 0.0515625
3 0.51875 0.64296875 0.121875 0.0953125
0 0.40234375 0.62578125 0.18125 0.45625
3 0.40234375 0.6375 0.13125 0.1078125
2 0.39609375 0.81953125 0.0828125 0.0546875
0 0.2671875 0.6046875 0.2296875 0.48125
2 0.2953125 0.80625 0.0828125 0.0671875
3 0.27265625 0.6296875 0.1484375 0.10625