0 0.13671875 0.52734375 0.21875 0.575
0 0.303125 0.5234375 0.1890625 0.5640625
0 0.4578125 0.4859375 0.178125 0.5234375
0 0.5890625 0.4859375 0.1609375 0.528125
0 0.7234375 0.4828125 0.1734375 0.5453125
0 0.8859375 0.46953125 0.228125 0.5515625
2 0.1765625 0.78515625 0.0640625 0.046875
2 0.32890625 0.765625 0.059375 0.0484375
2 0.465625 0.72109375 0.05625 0.0328125
2 0.6015625 0.7265625 0.0515625 0.034375
2 0.72578125 0.7328125 0.05625 0.040625
2 0.86015625 0.7234375 0.0578125 0.046875
3 0.14609375 0.56328125 0.1703125 0.1453125
3 0.30859375 0.54609375 0.153125 0.159375
3 0.72734375 0.5046875 0.1359375 0.1484375
3 0.88125 0.47421875 0.16875 0.1515625