0 0.86171875 0.54453125 0.2375 0.578125
0 0.6953125 0.53359375 0.20625 0.565625
0 0.54296875 0.490625 0.1953125 0.525
0 0.4109375 0.48515625 0.178125 0.53125
0 0.27734375 0.4765625 0.190625 0.5484375
0 0.11875 0.4578125 0.2375 0.55625
2 0.8125 0.80078125 0.065625 0.0484375
2 0.6609375 0.775 0.0609375 0.0515625
2 0.5265625 0.725 0.0578125 0.0359375
2 0.390625 0.725 0.053125 0.0359375
2 0.265625 0.72578125 0.05625 0.0421875
2 0.13203125 0.7109375 0.059375 0.05
3 0.8515625 0.58046875 0.1734375 0.15
3 0.68984375 0.55703125 0.159375 0.1640625
3 0.27265625 0.4984375 0.140625 0.153125
3 0.11953125 0.46171875 0.1734375 0.1546875