0 0.14375 0.31015625 0.253125 0.54375
0 0.2859375 0.340625 0.2125 0.5375
0 0.43046875 0.359375 0.20625 0.5203125
0 0.5796875 0.3625 0.2140625 0.5203125
0 0.7328125 0.3875 0.2140625 0.5265625
0 0.8875 0.41328125 0.225 0.5359375
2 0.09453125 0.5421875 0.096875 0.0625
2 0.2453125 0.571875 0.096875 0.0609375
2 0.4 0.58046875 0.084375 0.059375
2 0.56171875 0.58984375 0.084375 0.059375
2 0.70703125 0.6125 0.0890625 0.059375
2 0.87578125 0.64765625 0.0921875 0.0609375
3 0.12890625 0.3390625 0.1671875 0.1484375
3 0.2765625 0.3984375 0.159375 0.1234375
3 0.42578125 0.39375 0.153125 0.1421875
3 0.57890625 0.39765625 0.15 0.1125
3 0.728125 0.41328125 0.159375 0.140625
3 0.8875 0.45703125 0.1703125 0.1484375