0 0.8609375 0.55078125 0.265625 0.584375
0 0.69765625 0.51796875 0.234375 0.5703125
0 0.5390625 0.5203125 0.2203125 0.528125
0 0.41015625 0.49140625 0.2046875 0.5328125
0 0.27890625 0.46484375 0.21875 0.5515625
0 0.1265625 0.43984375 0.253125 0.5640625
2 0.8796875 0.290625 0.0671875 0.0515625
2 0.7265625 0.27578125 0.0625 0.053125
2 0.58359375 0.2890625 0.059375 0.0375
2 0.45234375 0.2546875 0.0546875 0.0390625
2 0.33203125 0.22109375 0.0578125 0.0453125
2 0.19921875 0.20078125 0.0609375 0.0515625
3 0.86015625 0.51328125 0.1796875 0.1578125
3 0.69765625 0.49453125 0.165625 0.1703125
3 0.2796875 0.44296875 0.146875 0.159375
3 0.12265625 0.4390625 0.1796875 0.1625