0 0.20390625 0.55234375 0.23125 0.51875
2 0.20703125 0.778125 0.0796875 0.05625
3 0.2109375 0.57578125 0.1546875 0.1421875
0 0.36171875 0.5703125 0.2171875 0.5
3 0.3453125 0.58359375 0.1328125 0.10625
2 0.3015625 0.771875 0.071875 0.059375
0 0.453125 0.61171875 0.1875 0.4734375
2 0.41328125 0.81171875 0.0671875 0.0546875
3 0.44921875 0.63984375 0.125 0.1015625
0 0.56640625 0.653125 0.2 0.4609375
3 0.56328125 0.6640625 0.134375 0.1125
2 0.52265625 0.84140625 0.084375 0.059375
0 0.7015625 0.66640625 0.246875 0.4875
2 0.62421875 0.8546875 0.084375 0.0703125
3 0.690625 0.68984375 0.15 0.1125