0 0.1359375 0.49375 0.1796875 0.5625
0 0.30234375 0.48671875 0.15 0.553125
0 0.45859375 0.5140625 0.1421875 0.5125
0 0.58984375 0.50546875 0.125 0.5203125
0 0.72421875 0.5 0.1359375 0.5375
0 0.89140625 0.5015625 0.1984375 0.5390625
2 0.1578125 0.23359375 0.0609375 0.0421875
2 0.3109375 0.24296875 0.05625 0.0453125
2 0.45 0.27890625 0.0546875 0.0296875
2 0.58515625 0.26484375 0.05 0.03125
2 0.709375 0.25078125 0.053125 0.0375
2 0.84375 0.2515625 0.0546875 0.04375
3 0.1421875 0.45703125 0.1609375 0.134375
3 0.30546875 0.46328125 0.14375 0.15
3 0.7265625 0.478125 0.1265625 0.140625
3 0.88203125 0.4984375 0.159375 0.1390625