0 0.1375 0.46171875 0.228125 0.5765625
0 0.30390625 0.46953125 0.196875 0.5640625
0 0.4578125 0.51015625 0.1859375 0.5234375
0 0.5890625 0.51328125 0.1703125 0.5296875
0 0.7234375 0.51953125 0.1828125 0.546875
0 0.88359375 0.53515625 0.2328125 0.5546875
2 0.18203125 0.2046875 0.0640625 0.046875
2 0.334375 0.22734375 0.059375 0.05
2 0.46953125 0.275 0.0578125 0.034375
2 0.60546875 0.2734375 0.053125 0.0359375
2 0.73046875 0.2703125 0.05625 0.0421875
2 0.8640625 0.2828125 0.0578125 0.0484375
3 0.14765625 0.42578125 0.171875 0.1484375
3 0.309375 0.44609375 0.15625 0.1625
3 0.72734375 0.49765625 0.1390625 0.1515625
3 0.88046875 0.53203125 0.1703125 0.153125