0 0.8625 0.53828125 0.246875 0.5796875
0 0.69765625 0.5109375 0.215625 0.5671875
0 0.5390625 0.51875 0.203125 0.5265625
0 0.41015625 0.49453125 0.1875 0.53125
0 0.27734375 0.47265625 0.2 0.55
0 0.12109375 0.453125 0.2421875 0.559375
2 0.871875 0.27734375 0.065625 0.05
2 0.71875 0.26796875 0.0609375 0.0515625
2 0.5765625 0.28671875 0.0578125 0.0359375
2 0.44375 0.25625 0.053125 0.0375
2 0.32265625 0.22734375 0.0578125 0.04375
2 0.1890625 0.21171875 0.059375 0.05
3 0.86015625 0.50078125 0.1765625 0.153125
3 0.69765625 0.4875 0.1609375 0.165625
3 0.278125 0.45078125 0.1421875 0.1546875
3 0.12109375 0.4515625 0.175 0.1578125