0 0.88359375 0.60546875 0.2328125 0.5421875
0 0.74453125 0.60703125 0.203125 0.5359375
0 0.59921875 0.621875 0.196875 0.51875
0 0.453125 0.6515625 0.2046875 0.5171875
0 0.2984375 0.66171875 0.20625 0.5234375
0 0.1390625 0.67265625 0.221875 0.5328125
2 0.8859375 0.3671875 0.0953125 0.0609375
2 0.73203125 0.37265625 0.096875 0.059375
2 0.57890625 0.39921875 0.0828125 0.0578125
2 0.4203125 0.42578125 0.0828125 0.0578125
2 0.27265625 0.43671875 0.0875 0.0578125
2 0.10078125 0.440625 0.090625 0.0609375
3 0.8984375 0.5734375 0.1640625 0.146875
3 0.740625 0.5484375 0.1578125 0.1203125
3 0.59609375 0.58671875 0.1515625 0.140625
3 0.44609375 0.6171875 0.1484375 0.1109375
3 0.29765625 0.6359375 0.1578125 0.1375
3 0.13203125 0.62890625 0.16875 0.1453125