0 0.86328125 0.47421875 0.228125 0.5765625
0 0.6984375 0.49609375 0.196875 0.5640625
0 0.53984375 0.48203125 0.1859375 0.5234375
0 0.41015625 0.50234375 0.1703125 0.5296875
0 0.2765625 0.51953125 0.1828125 0.546875
0 0.11640625 0.53203125 0.2328125 0.5546875
2 0.8640625 0.7359375 0.0640625 0.046875
2 0.7109375 0.73984375 0.059375 0.05
2 0.56875 0.715625 0.0578125 0.034375
2 0.4359375 0.74140625 0.053125 0.0359375
2 0.31328125 0.76640625 0.05625 0.0421875
2 0.17890625 0.77734375 0.0578125 0.0484375
3 0.86015625 0.51171875 0.171875 0.1484375
3 0.696875 0.51953125 0.15625 0.1625
3 0.2765625 0.54140625 0.1390625 0.1515625
3 0.11953125 0.53515625 0.1703125 0.153125