0 0.12890625 0.34140625 0.209375 0.53125
0 0.27265625 0.36015625 0.16875 0.528125
0 0.41875 0.365625 0.1625 0.5109375
0 0.5671875 0.35625 0.1703125 0.509375
0 0.721875 0.36796875 0.1703125 0.515625
0 0.88203125 0.3796875 0.1875 0.525
2 0.09921875 0.57734375 0.0921875 0.0546875
2 0.253125 0.59375 0.09375 0.053125
2 0.4078125 0.5890625 0.0796875 0.053125
2 0.56875 0.584375 0.0796875 0.053125
2 0.71640625 0.59453125 0.084375 0.053125
2 0.88671875 0.6140625 0.0875 0.0546875
3 0.115625 0.371875 0.15625 0.1359375
3 0.26796875 0.41875 0.15 0.1109375
3 0.41640625 0.40078125 0.14375 0.13125
3 0.56953125 0.39140625 0.1421875 0.1015625
3 0.71953125 0.39375 0.15 0.128125
3 0.8828125 0.4234375 0.1609375 0.134375