0 0.21328125 0.4046875 0.16875 0.503125
2 0.253125 0.18203125 0.075 0.0484375
3 0.22421875 0.38203125 0.140625 0.125
0 0.371875 0.41328125 0.15625 0.4859375
3 0.3578125 0.39765625 0.1234375 0.090625
2 0.3453125 0.20390625 0.0671875 0.0515625
0 0.46875 0.3875 0.1296875 0.4609375
2 0.4625 0.18359375 0.0625 0.046875
3 0.46875 0.359375 0.115625 0.0859375
0 0.58671875 0.36640625 0.14375 0.4453125
3 0.58515625 0.3546875 0.1234375 0.096875
2 0.575 0.17265625 0.0796875 0.0484375
0 0.72265625 0.37578125 0.1890625 0.4671875
2 0.67734375 0.17734375 0.078125 0.0609375
3 0.71484375 0.35078125 0.140625 0.0953125