0 0.21171875 0.409375 0.159375 0.5
2 0.24765625 0.18671875 0.0734375 0.046875
3 0.221875 0.38671875 0.1390625 0.121875
0 0.3703125 0.415625 0.1484375 0.4828125
3 0.35625 0.4 0.121875 0.0890625
2 0.33984375 0.20703125 0.065625 0.05
0 0.46640625 0.38828125 0.121875 0.459375
2 0.45703125 0.184375 0.0609375 0.0453125
3 0.46640625 0.36015625 0.1140625 0.084375
0 0.584375 0.36484375 0.1359375 0.44375
3 0.5828125 0.353125 0.121875 0.0953125
2 0.56953125 0.17109375 0.078125 0.046875
0 0.7203125 0.371875 0.1828125 0.4640625
2 0.671875 0.17421875 0.0765625 0.059375
3 0.7125 0.346875 0.1390625 0.0921875