0 0.8765625 0.6453125 0.190625 0.525
0 0.73203125 0.63203125 0.15 0.5234375
0 0.5859375 0.63125 0.1453125 0.50625
0 0.4375 0.64609375 0.153125 0.5046875
0 0.2828125 0.63984375 0.153125 0.5109375
0 0.12265625 0.63359375 0.16875 0.51875
2 0.89765625 0.40859375 0.090625 0.0515625
2 0.74375 0.39765625 0.0921875 0.05
2 0.5890625 0.4078125 0.078125 0.05
2 0.428125 0.41796875 0.078125 0.05
2 0.28046875 0.41328125 0.0828125 0.05
2 0.109375 0.39921875 0.0859375 0.0515625
3 0.88828125 0.61484375 0.1515625 0.13125
3 0.734375 0.5734375 0.146875 0.10625
3 0.58671875 0.59609375 0.1390625 0.1265625
3 0.434375 0.6109375 0.1390625 0.096875
3 0.284375 0.6140625 0.1453125 0.1234375
3 0.1203125 0.58984375 0.15625 0.1296875