0 0.2140625 0.40703125 0.1625 0.5015625
2 0.2484375 0.18359375 0.0734375 0.046875
3 0.22421875 0.384375 0.1390625 0.1234375
0 0.37265625 0.4109375 0.1515625 0.484375
3 0.35859375 0.39609375 0.121875 0.090625
2 0.34140625 0.203125 0.065625 0.05
0 0.46875 0.3828125 0.125 0.4609375
2 0.4578125 0.17890625 0.0609375 0.046875
3 0.46875 0.3546875 0.1140625 0.0859375
0 0.58671875 0.3578125 0.1390625 0.4453125
3 0.58515625 0.34609375 0.121875 0.096875
2 0.5703125 0.16484375 0.078125 0.0484375
0 0.72265625 0.36328125 0.184375 0.465625
2 0.67265625 0.16640625 0.0765625 0.0609375
3 0.71484375 0.33828125 0.1390625 0.09375