0 0.11484375 0.61171875 0.2296875 0.5390625
0 0.25703125 0.6109375 0.1953125 0.534375
0 0.403125 0.6234375 0.1890625 0.5171875
0 0.54921875 0.65078125 0.196875 0.515625
0 0.70390625 0.65859375 0.196875 0.521875
0 0.8640625 0.665625 0.2140625 0.53125
2 0.11171875 0.37421875 0.0953125 0.059375
2 0.26640625 0.3765625 0.096875 0.0578125
2 0.41953125 0.40078125 0.0828125 0.05625
2 0.57890625 0.42421875 0.0828125 0.05625
2 0.7265625 0.4328125 0.0875 0.05625
2 0.89765625 0.43359375 0.090625 0.059375
3 0.103125 0.58046875 0.1625 0.14375
3 0.26015625 0.55234375 0.15625 0.11875
3 0.40546875 0.58828125 0.15 0.1375
3 0.55546875 0.61640625 0.146875 0.109375
3 0.7046875 0.63203125 0.15625 0.1359375
3 0.8703125 0.62265625 0.1671875 0.1421875