0 0.1390625 0.55078125 0.265625 0.584375
0 0.30234375 0.51796875 0.234375 0.5703125
0 0.4609375 0.5203125 0.2203125 0.528125
0 0.58984375 0.49140625 0.2046875 0.5328125
0 0.72109375 0.46484375 0.21875 0.5515625
0 0.8734375 0.43984375 0.253125 0.5640625
2 0.1203125 0.290625 0.0671875 0.0515625
2 0.2734375 0.27578125 0.0625 0.053125
2 0.41640625 0.2890625 0.059375 0.0375
2 0.54765625 0.2546875 0.0546875 0.0390625
2 0.66796875 0.22109375 0.0578125 0.0453125
2 0.80078125 0.20078125 0.0609375 0.0515625
3 0.13984375 0.51328125 0.1796875 0.1578125
3 0.30234375 0.49453125 0.165625 0.1703125
3 0.7203125 0.44296875 0.146875 0.159375
3 0.87734375 0.4390625 0.1796875 0.1625