0 0.8640625 0.5015625 0.1796875 0.5640625
0 0.69765625 0.509375 0.15 0.5546875
0 0.54140625 0.4828125 0.1421875 0.5140625
0 0.41015625 0.4921875 0.125 0.5203125
0 0.27578125 0.4984375 0.1359375 0.5375
0 0.10859375 0.49765625 0.1984375 0.5390625
2 0.8421875 0.76171875 0.0609375 0.0421875
2 0.6890625 0.753125 0.05625 0.0453125
2 0.55 0.71796875 0.0546875 0.0296875
2 0.41484375 0.7328125 0.05 0.03125
2 0.290625 0.74765625 0.053125 0.0375
2 0.15625 0.74765625 0.0546875 0.04375
3 0.8578125 0.53828125 0.1609375 0.134375
3 0.69453125 0.5328125 0.14375 0.15
3 0.2734375 0.5203125 0.1265625 0.140625
3 0.11796875 0.50078125 0.159375 0.140625