0 0.81953125 0.525 0.290625 0.73125
0 0.6265625 0.55078125 0.2765625 0.709375
0 0.440625 0.57265625 0.2640625 0.7046875
0 0.24296875 0.5953125 0.2953125 0.7109375
2 0.78671875 0.19765625 0.0890625 0.0609375
2 0.59609375 0.23359375 0.084375 0.0609375
2 0.3984375 0.26640625 0.0828125 0.0625
2 0.19765625 0.28359375 0.0859375 0.059375
3 0.2296875 0.50703125 0.2046875 0.1796875
3 0.42890625 0.48359375 0.184375 0.1734375
3 0.6140625 0.4578125 0.190625 0.1875
3 0.81015625 0.42890625 0.2140625 0.1984375