0 0.77890625 0.384375 0.203125 0.5125
2 0.72421875 0.165625 0.0765625 0.053125
3 0.7671875 0.36328125 0.1484375 0.1328125
0 0.621875 0.4046875 0.190625 0.49375
3 0.634375 0.3875 0.1296875 0.1
2 0.634375 0.19453125 0.0703125 0.05625
0 0.5234375 0.3859375 0.1609375 0.46875
2 0.515625 0.18203125 0.0640625 0.05
3 0.52109375 0.3578125 0.1203125 0.09375
0 0.40390625 0.37265625 0.1734375 0.4546875
3 0.4046875 0.3609375 0.1296875 0.10625
2 0.40234375 0.178125 0.08125 0.053125
0 0.26953125 0.39140625 0.2203125 0.478125
2 0.3 0.190625 0.08125 0.065625
3 0.275 0.365625 0.146875 0.1046875