0 0.8640625 0.5125 0.209375 0.571875
0 0.6984375 0.496875 0.178125 0.5609375
0 0.540625 0.51640625 0.16875 0.51875
0 0.41015625 0.50078125 0.1515625 0.5265625
0 0.27578125 0.48828125 0.1640625 0.54375
0 0.1109375 0.48046875 0.221875 0.5484375
2 0.85546875 0.2515625 0.0625 0.0453125
2 0.70234375 0.253125 0.0578125 0.0484375
2 0.56171875 0.28203125 0.05625 0.0328125
2 0.42734375 0.2609375 0.0515625 0.034375
2 0.30390625 0.23984375 0.0546875 0.040625
2 0.16953125 0.23359375 0.05625 0.046875
3 0.859375 0.47578125 0.1671875 0.1421875
3 0.69609375 0.4734375 0.1515625 0.1578125
3 0.275 0.46640625 0.134375 0.146875
3 0.11875 0.478125 0.1671875 0.146875